Monatslohnsteuer

12 b

Allgemeine Monatslohnsteuertabelle 2025 (in Auszügen)

I. Allgemeine Monatslohnsteuertabelle 2025

1
b

Die vom Arbeitgeber einbehaltene Lohnsteuer kann von den in dieser Tabelle
ausgewiesenen Werten abweichen. Für eine centgenaue Berechnung benutzen Sie
bitte unseren Gehaltsrechner im Internet unter www.steuertipps.de. Er rechnet
Ihnen für jeden Bruttoarbeitslohn die exakte Monatslohnsteuer und die eventuell
einbehaltene Kirchensteuer sowie bei hohem Gehalt den Soli aus. Der Rechner
berücksichtigt auch den kassenindividuellen Zusatzbeitrag zur gesetzlichen Krankenversicherung, der im Rahmen der automatisch berechneten Vorsorgepauschale
die monatlich abzuführende Lohnsteuer entsprechend mindert.
Die allgemeine Monatslohnsteuertabelle für 2025 berücksichtigt einen Zusatzbeitragssatz von 2,5 %, nicht aber den Beitragzuschlag bzw. -abschlag zur Pflegeversicherung für Kinderlose bzw. Eltern mehrerer Kinder unter 25. Der Tabelle liegt
der geänderte amtliche Programmablaufplan für den Lohnsteuerabzug 2025 vom
22.1.2025 (BStBl. 2025 I S. 313) zugrunde.
Lohn/
Gehalt
bei €

I/IV

II

III

V

401,99
410,99
419,99
428,99
437,99
446,99
455,99
464,99
473,99
482,99
491,99
500,99
509,99
518,99
527,99
536,99
545,99
554,99
563,99
572,99
581,99
590,99
599,99
608,99
617,99
626,99
635,99
644,99
653,99
662,99
671,99
680,99
689,99
698,99
707,99

0,00
0,00
0,00
0,00
0,00
0,00
0,00
0,00
0,00
0,00
0,00
0,00
0,00
0,00
0,00
0,00
0,00
0,00
0,00
0,00
0,00
0,00
0,00
0,00
0,00
0,00
0,00
0,00
0,00
0,00
0,00
0,00
0,00
0,00
0,00

0,00
0,00
0,00
0,00
0,00
0,00
0,00
0,00
0,00
0,00
0,00
0,00
0,00
0,00
0,00
0,00
0,00
0,00
0,00
0,00
0,00
0,00
0,00
0,00
0,00
0,00
0,00
0,00
0,00
0,00
0,00
0,00
0,00
0,00
0,00

0,00
0,00
0,00
0,00
0,00
0,00
0,00
0,00
0,00
0,00
0,00
0,00
0,00
0,00
0,00
0,00
0,00
0,00
0,00
0,00
0,00
0,00
0,00
0,00
0,00
0,00
0,00
0,00
0,00
0,00
0,00
0,00
0,00
0,00
0,00

29,50
30,41
31,41
32,41
33,41
34,41
35,41
36,41
37,41
38,41
39,41
40,33
41,33
42,33
43,33
44,33
45,33
46,33
47,33
48,33
49,33
50,25
51,25
52,25
53,25
54,25
55,25
56,25
57,25
58,25
59,25
60,16
61,16
62,16
63,16

VI

Lohn/
Gehalt
bei €

I/IV

II

III

V

VI

44,25
45,25
46,25
47,25
48,16
49,16
50,16
51,16
52,16
53,16
54,16
55,16
56,16
57,16
58,08
59,08
60,08
61,08
62,08
63,08
64,08
65,08
66,08
67,08
68,00
69,00
70,00
71,00
72,00
73,00
74,00
75,00
76,00
77,00
77,91

716,99
725,99
734,99
743,99
752,99
761,99
770,99
779,99
788,99
797,99
806,99
815,99
824,99
833,99
842,99
851,99
860,99
869,99
878,99
887,99
896,99
905,99
914,99
923,99
932,99
941,99
950,99
959,99
968,99
977,99
986,99
995,99
1.004,99
1.013,99
1.022,99

0,00
0,00
0,00
0,00
0,00
0,00
0,00
0,00
0,00
0,00
0,00
0,00
0,00
0,00
0,00
0,00
0,00
0,00
0,00
0,00
0,00
0,00
0,00
0,00
0,00
0,00
0,00
0,00
0,00
0,00
0,00
0,00
0,00
0,00
0,00

0,00
0,00
0,00
0,00
0,00
0,00
0,00
0,00
0,00
0,00
0,00
0,00
0,00
0,00
0,00
0,00
0,00
0,00
0,00
0,00
0,00
0,00
0,00
0,00
0,00
0,00
0,00
0,00
0,00
0,00
0,00
0,00
0,00
0,00
0,00

0,00
0,00
0,00
0,00
0,00
0,00
0,00
0,00
0,00
0,00
0,00
0,00
0,00
0,00
0,00
0,00
0,00
0,00
0,00
0,00
0,00
0,00
0,00
0,00
0,00
0,00
0,00
0,00
0,00
0,00
0,00
0,00
0,00
0,00
0,00

64,16
65,16
66,16
67,16
68,16
69,16
70,08
71,08
72,08
73,08
74,08
75,08
76,08
77,08
78,08
79,08
80,00
81,00
82,00
83,00
84,00
85,00
86,00
87,00
88,00
89,00
89,91
90,91
91,91
92,91
93,91
94,91
95,91
96,91
97,91

78,91
79,91
80,91
81,91
82,91
83,91
84,91
85,91
86,91
87,83
88,83
89,83
90,83
91,83
92,83
93,83
94,83
95,83
96,83
97,75
98,75
99,75
100,75
101,75
102,75
103,75
104,75
105,75
106,75
107,66
108,66
109,66
110,66
111,66
112,66

Lohnsteuer in Steuerklasse

Lohnsteuer in Steuerklasse

Mai 2025		
2 (1)

S12b-01(01)-03(6).indd 3

07.04.2025 07:25:31

-

Monatslohnsteuer

12 b Allgemeine Monatslohnsteuertabelle 2025 (in Auszügen)
Lohn/
Gehalt
bei €

I/IV

II

III

V

VI

Lohn/
Gehalt
bei €

I/IV

II

III

V

VI

1.031,99
1.040,99
1.049,99
1.058,99
1.067,99
1.076,99
1.085,99
1.094,99
1.103,99
1.112,99
1.121,99
1.130,99
1.139,99
1.148,99
1.157,99
1.166,99
1.175,99
1.184,99
1.193,99
1.202,99
1.211,99
1.220,99
1.229,99
1.238,99
1.247,99
1.256,99
1.265,99
1.274,99
1.283,99
1.292,99
1.301,99
1.310,99
1.319,99
1.328,99
1.337,99
1.346,99
1.355,99
1.364,99
1.373,99
1.382,99
1.391,99
1.400,99
1.409,99
1.418,99
1.427,99
1.436,99
1.445,99
1.454,99
1.463,99
1.472,99
1.481,99
1.490,99
1.499,99
1.508,99
1.517,99
1.526,99
1.535,99
1.544,99
1.553,99
1.562,99
1.571,99
1.580,99
1.589,99
1.598,99
1.607,99

0,00
0,00
0,00
0,00
0,00
0,00
0,00
0,00
0,00
0,00
0,00
0,00
0,00
0,00
0,00
0,00
0,00
0,00
0,00
0,00
0,00
0,00
0,00
0,00
0,00
0,00
0,00
0,00
0,00
0,00
0,00
0,00
0,00
0,00
0,00
0,00
0,00
0,00
0,00
0,00
0,00
0,00
0,91
2,08
3,25
4,50
5,66
6,91
8,16
9,41
10,66
11,91
13,25
14,50
15,83
17,16
18,58
19,91
21,33
22,75
24,16
25,50
26,75
28,08
29,33

0,00
0,00
0,00
0,00
0,00
0,00
0,00
0,00
0,00
0,00
0,00
0,00
0,00
0,00
0,00
0,00
0,00
0,00
0,00
0,00
0,00
0,00
0,00
0,00
0,00
0,00
0,00
0,00
0,00
0,00
0,00
0,00
0,00
0,00
0,00
0,00
0,00
0,00
0,00
0,00
0,00
0,00
0,00
0,00
0,00
0,00
0,00
0,00
0,00
0,00
0,00
0,00
0,00
0,00
0,00
0,00
0,00
0,00
0,00
0,00
0,00
0,00
0,00
0,00
0,00

0,00
0,00
0,00
0,00
0,00
0,00
0,00
0,00
0,00
0,00
0,00
0,00
0,00
0,00
0,00
0,00
0,00
0,00
0,00
0,00
0,00
0,00
0,00
0,00
0,00
0,00
0,00
0,00
0,00
0,00
0,00
0,00
0,00
0,00
0,00
0,00
0,00
0,00
0,00
0,00
0,00
0,00
0,00
0,00
0,00
0,00
0,00
0,00
0,00
0,00
0,00
0,00
0,00
0,00
0,00
0,00
0,00
0,00
0,00
0,00
0,00
0,00
0,00
0,00
0,00

98,91
99,83
100,83
101,83
102,83
103,83
104,83
105,83
106,83
107,83
108,83
109,75
110,75
111,75
112,75
113,75
114,75
115,75
116,75
117,75
118,75
119,66
120,66
121,66
122,66
123,66
124,66
125,66
126,66
127,66
128,66
129,58
130,58
131,75
132,91
134,08
135,16
136,33
137,50
138,58
139,75
140,91
142,08
143,16
144,33
145,50
146,58
147,75
148,91
150,08
151,16
152,33
153,50
154,58
155,75
156,91
158,08
159,16
160,33
162,75
166,16
169,41
172,50
175,50
178,58

113,66
114,66
115,66
116,66
117,58
118,58
119,58
120,58
121,58
122,58
123,58
124,58
125,58
126,58
127,50
128,50
129,50
130,50
131,50
132,50
133,50
134,50
135,50
136,50
137,41
138,41
139,41
140,41
141,41
142,41
143,41
144,41
145,41
146,50
147,66
148,83
149,91
151,08
152,25
153,41
154,50
155,66
156,83
158,00
159,08
160,25
162,50
166,00
169,41
172,83
176,25
179,66
183,08
186,50
189,91
193,33
196,83
200,25
203,66
207,08
210,50
213,66
216,75
219,83
222,83

1.616,99
1.625,99
1.634,99
1.643,99
1.652,99
1.661,99
1.670,99
1.679,99
1.688,99
1.697,99
1.706,99
1.715,99
1.724,99
1.733,99
1.742,99
1.751,99
1.760,99
1.769,99
1.778,99
1.787,99
1.796,99
1.805,99
1.814,99
1.823,99
1.832,99
1.841,99
1.850,99
1.859,99
1.868,99
1.877,99
1.886,99
1.895,99
1.904,99
1.913,99
1.922,99
1.931,99
1.940,99
1.949,99
1.958,99
1.967,99
1.976,99
1.985,99
1.994,99
2.003,99
2.012,99
2.021,99
2.030,99
2.039,99
2.048,99
2.057,99
2.066,99
2.075,99
2.084,99
2.093,99
2.102,99
2.111,99
2.120,99
2.129,99
2.138,99
2.147,99
2.156,99
2.165,99
2.174,99
2.183,99
2.192,99

30,66
32,00
33,33
34,75
36,08
37,41
38,83
40,25
41,66
43,08
44,50
46,00
47,41
48,91
50,41
51,91
53,41
54,91
56,50
58,00
59,58
61,08
62,66
64,25
65,91
67,50
69,16
70,75
72,41
74,08
75,75
77,41
79,16
80,83
82,58
84,33
86,08
87,83
89,50
91,25
93,00
94,75
96,50
98,25
100,00
101,83
103,58
105,33
107,08
108,91
110,66
112,41
114,16
116,00
117,75
119,50
121,33
123,08
124,91
126,66
128,50
130,25
132,08
133,91
135,66

0,00
0,00
0,00
0,00
0,00
0,00
0,00
0,00
0,00
0,00
0,00
0,00
0,00
0,00
0,00
0,00
0,00
0,00
0,00
0,00
0,00
0,00
0,00
0,33
1,33
2,33
3,41
4,50
5,58
6,66
7,75
8,83
9,91
11,08
12,25
13,41
14,58
15,75
16,91
18,16
19,33
20,58
21,83
23,08
24,33
25,58
26,91
28,16
29,50
30,83
32,16
33,50
34,83
36,16
37,58
39,00
40,41
41,83
43,25
44,66
46,08
47,58
49,08
50,50
52,00

0,00
0,00
0,00
0,00
0,00
0,00
0,00
0,00
0,00
0,00
0,00
0,00
0,00
0,00
0,00
0,00
0,00
0,00
0,00
0,00
0,00
0,00
0,00
0,00
0,00
0,00
0,00
0,00
0,00
0,00
0,00
0,00
0,00
0,00
0,00
0,00
0,00
0,00
0,00
0,00
0,00
0,00
0,00
0,00
0,00
0,00
0,00
0,00
0,00
0,00
0,00
0,00
0,00
0,00
0,00
0,00
0,00
0,00
0,00
0,00
0,00
0,00
0,00
0,00
0,00

181,58
184,66
187,66
190,75
193,75
196,83
199,83
202,91
206,00
209,08
212,08
215,16
218,16
221,25
224,25
227,33
230,33
233,41
236,50
239,50
242,58
245,58
248,66
251,75
254,75
257,83
260,83
263,91
267,00
270,00
273,08
276,08
279,16
282,16
285,25
288,25
291,33
294,41
297,41
300,50
303,58
306,58
309,66
312,66
315,75
318,75
321,83
324,91
327,91
331,00
334,00
337,08
340,08
343,16
346,25
349,25
352,33
355,41
358,41
361,50
364,50
367,58
370,58
373,66
376,66

225,91
229,00
232,00
235,08
238,08
241,16
244,16
247,25
250,33
253,33
256,41
259,41
262,50
265,50
268,58
271,58
274,66
277,75
280,83
283,83
286,91
289,91
293,00
296,00
299,08
302,08
305,16
308,25
311,25
314,33
317,33
320,41
323,50
326,50
329,58
332,58
335,66
338,75
341,75
344,83
347,83
350,91
353,91
357,00
360,00
363,08
366,16
369,16
372,25
375,33
378,33
381,41
384,41
387,50
390,50
393,58
396,66
399,66
402,75
405,75
408,83
411,83
414,91
418,00
421,00

Lohnsteuer in Steuerklasse

2 (2)		

S12b-01(01)-03(6).indd 4

Lohnsteuer in Steuerklasse

Mai 2025

07.04.2025 07:25:31

Monatslohnsteuer

12 b

Allgemeine Monatslohnsteuertabelle 2025 (in Auszügen)

Lohn/
Gehalt
bei €

I/IV

II

III

V

VI

Lohn/
Gehalt
bei €

I/IV

II

III

V

VI

2.201,99
2.210,99
2.219,99
2.228,99
2.237,99
2.246,99
2.255,99
2.264,99
2.273,99
2.282,99
2.291,99
2.300,99
2.309,99
2.318,99
2.327,99
2.336,99
2.345,99
2.354,99
2.363,99
2.372,99
2.381,99
2.390,99
2.399,99
2.408,99
2.417,99
2.426,99
2.435,99
2.444,99
2.453,99
2.462,99
2.471,99
2.480,99
2.489,99
2.498,99
2.507,99
2.516,99
2.525,99
2.534,99
2.543,99
2.552,99
2.561,99
2.570,99
2.579,99
2.588,99
2.597,99
2.606,99
2.615,99
2.624,99
2.633,99
2.642,99
2.651,99
2.660,99
2.669,99
2.678,99
2.687,99
2.696,99
2.705,99
2.714,99
2.723,99
2.732,99
2.741,99
2.750,99
2.759,99
2.768,99
2.777,99

137,50
139,33
141,08
142,91
144,75
146,58
148,33
150,16
152,00
153,83
155,66
157,50
159,33
161,16
163,00
164,83
166,66
168,50
170,33
172,25
174,08
175,91
177,75
179,66
181,50
183,33
185,25
187,08
188,91
190,83
192,66
194,58
196,41
198,83
200,16
202,08
204,00
205,83
207,75
209,66
211,58
213,41
215,33
217,25
219,16
221,08
222,91
224,83
226,75
228,66
230,58
232,50
234,41
236,41
238,33
240,25
242,16
244,08
246,00
247,91
249,91
251,83
253,83
255,75
257,66

53,50
55,08
56,58
58,16
59,66
61,25
62,83
64,41
66,00
67,66
69,25
70,91
72,58
74,25
75,91
77,58
79,33
81,00
82,75
84,41
86,25
87,91
89,66
91,41
93,16
94,91
96,66
98,41
100,16
102,00
103,75
105,50
107,25
109,00
110,83
112,58
114,33
116,16
117,91
119,66
121,50
123,25
125,08
126,83
128,66
130,41
132,25
134,08
135,83
137,66
139,50
141,25
143,08
144,91
146,75
148,50
150,33
152,16
154,00
155,83
157,66
159,50
161,33
163,16
165,00

0,00
0,00
0,00
0,00
0,00
0,00
0,00
0,00
0,00
0,00
0,00
0,00
0,00
0,00
0,00
0,00
0,00
0,00
0,00
0,00
0,00
0,00
0,00
0,00
0,00
0,00
0,00
0,00
0,00
0,00
0,00
0,00
0,00
0,00
0,00
0,00
0,00
0,00
0,00
0,00
0,00
0,00
0,00
0,00
0,00
0,00
0,00
0,00
0,33
1,33
2,33
3,33
4,33
5,50
6,50
7,50
8,66
9,66
10,83
11,83
13,00
14,00
15,16
16,16
17,33

379,75
382,83
385,83
388,91
391,91
395,00
398,08
401,08
404,16
407,16
410,25
413,33
416,33
419,41
422,41
425,50
428,50
431,58
434,58
437,66
440,75
443,75
446,83
449,91
452,91
456,00
459,00
462,08
465,08
468,16
471,25
474,25
477,33
480,33
483,41
486,41
489,50
492,58
495,58
498,66
501,75
504,75
507,83
510,83
513,91
516,91
520,00
523,00
526,08
529,08
532,16
535,25
538,25
541,33
544,41
547,41
550,50
553,50
556,58
559,58
562,66
565,66
568,33
570,66
573,33

424,08
427,16
430,16
433,25
436,25
439,33
442,33
445,41
448,41
451,50
454,50
457,58
460,66
463,66
466,75
469,83
472,83
475,91
478,91
482,00
485,08
488,08
491,16
494,16
497,25
500,25
503,33
506,33
509,41
512,50
515,50
518,58
521,66
524,66
527,75
530,75
533,83
536,83
539,91
542,91
546,00
549,08
552,08
555,16
558,16
561,25
564,33
567,00
569,50
572,16
574,83
577,50
580,00
582,66
585,16
587,83
590,50
593,16
595,83
598,50
601,00
603,66
606,50
609,16
611,66

2.786,99
2.795,99
2.804,99
2.813,99
2.822,99
2.831,99
2.840,99
2.849,99
2.858,99
2.867,99
2.876,99
2.885,99
2.894,99
2.903,99
2.912,99
2.921,99
2.930,99
2.939,99
2.948,99
2.957,99
2.966,99
2.975,99
2.984,99
2.993,99
3.002,99
3.011,99
3.020,99
3.029,99
3.038,99
3.047,99
3.056,99
3.065,99
3.074,99
3.083,99
3.092,99
3.101,99
3.110,99
3.119,99
3.128,99
3.137,99
3.146,99
3.155,99
3.164,99
3.173,99
3.182,99
3.191,99
3.200,99
3.209,99
3.218,99
3.227,99
3.236,99
3.245,99
3.254,99
3.263,99
3.272,99
3.281,99
3.290,99
3.299,99
3.308,99
3.317,99
3.326,99
3.335,99
3.344,99
3.353,99
3.362,99

259,66
261,58
263,50
265,50
267,50
269,41
271,41
273,33
275,33
277,33
279,25
281,25
283,25
285,16
287,16
289,16
291,16
293,16
295,16
297,08
299,08
301,08
303,08
305,08
307,16
309,16
311,16
313,16
315,16
317,16
319,16
321,16
323,25
325,25
327,33
329,33
331,33
333,41
335,41
337,41
339,50
341,50
343,58
345,58
347,66
349,75
351,75
353,83
355,91
357,91
360,00
362,08
364,16
366,25
368,33
370,33
372,41
374,50
376,58
378,66
380,75
382,83
384,91
387,00
389,16

166,83
168,66
170,50
172,41
174,25
176,08
177,91
179,83
181,66
183,50
185,41
187,25
189,08
191,00
192,91
194,75
196,58
198,50
200,41
202,25
204,16
206,00
207,91
209,83
211,75
213,58
215,50
217,41
219,33
221,25
223,16
225,00
226,91
228,83
230,83
232,75
234,66
236,58
238,50
240,41
242,33
244,25
246,16
248,16
250,08
252,00
254,00
255,91
257,83
259,83
261,75
263,75
265,66
267,66
269,58
271,58
273,50
275,50
277,50
279,41
281,41
283,41
285,33
287,33
289,33

18,50
19,50
20,66
21,83
23,00
24,16
25,33
26,50
27,66
28,83
30,00
31,16
32,33
33,50
34,66
35,83
37,16
38,33
39,50
40,83
42,00
43,16
44,50
45,66
47,00
48,33
49,50
50,83
52,16
53,33
54,66
56,00
57,33
58,50
59,83
61,16
62,50
63,83
65,16
66,50
67,83
69,33
70,66
72,00
73,33
74,83
76,16
77,50
79,00
80,33
81,83
83,16
84,66
86,00
87,50
88,83
90,33
91,83
93,16
94,66
96,16
97,66
99,16
100,66
102,16

575,83
578,50
581,16
583,83
586,50
589,16
591,83
594,33
597,00
599,66
602,33
605,00
607,50
610,33
613,00
615,66
618,33
621,00
623,66
626,33
629,16
631,66
634,50
637,33
640,00
642,66
645,33
648,16
650,83
653,66
656,33
659,16
661,83
664,66
667,33
670,00
673,00
675,66
678,33
681,33
684,00
686,66
689,66
692,33
695,16
698,00
700,83
703,66
706,50
709,16
712,00
715,00
717,83
720,66
723,50
726,33
729,16
732,00
734,83
737,66
740,66
743,50
746,33
749,33
752,16

614,33
617,16
619,66
622,50
625,16
627,83
630,50
633,33
636,00
638,66
641,33
644,16
646,83
649,50
652,33
655,16
657,83
660,66
663,33
666,16
668,83
671,50
674,33
677,16
679,83
682,83
685,50
688,16
691,16
693,83
696,66
699,33
702,33
705,16
708,00
710,83
713,50
716,50
719,33
722,16
725,00
727,83
730,66
733,50
736,50
739,33
742,16
745,00
748,00
750,83
753,66
756,66
759,50
762,50
765,50
768,33
771,16
774,16
777,16
780,00
783,00
786,00
788,83
791,83
794,83

Lohnsteuer in Steuerklasse

Lohnsteuer in Steuerklasse

1
b

Mai 2025		
2 (3)

S12b-01(01)-03(6).indd 5

07.04.2025 07:25:32

-

Monatslohnsteuer

12 b Allgemeine Monatslohnsteuertabelle 2025 (in Auszügen)
Lohn/
Gehalt
bei €

I/IV

II

III

V

VI

Lohn/
Gehalt
bei €

I/IV

II

III

V

VI

3.371,99
3.380,99
3.389,99
3.398,99
3.407,99
3.416,99
3.425,99
3.434,99
3.443,99
3.452,99
3.461,99
3.470,99
3.479,99
3.488,99
3.497,99
3.506,99
3.515,99
3.524,99
3.533,99
3.542,99
3.551,99
3.560,99
3.569,99
3.578,99
3.587,99
3.596,99
3.605,99
3.614,99
3.623,99
3.632,99
3.641,99
3.650,99
3.659,99
3.668,99
3.677,99
3.686,99
3.695,99
3.704,99
3.713,99
3.722,99
3.731,99
3.740,99
3.749,99
3.758,99
3.767,99
3.776,99
3.785,99
3.794,99
3.803,99
3.812,99
3.821,99
3.830,99
3.839,99
3.848,99
3.857,99
3.866,99
3.875,99
3.884,99
3.893,99
3.902,99
3.911,99
3.920,99
3.929,99
3.938,99
3.947,99

391,25
393,33
395,41
397,50
399,58
401,75
403,83
405,91
408,08
410,16
412,33
414,41
416,50
418,66
420,75
422,91
425,08
427,16
429,33
431,50
433,58
435,75
437,91
440,00
442,16
444,33
446,50
448,66
450,83
453,00
455,16
457,33
459,50
461,66
463,83
466,00
468,16
470,33
472,50
474,66
476,91
479,08
481,25
483,41
485,66
487,83
490,00
492,25
494,41
496,66
498,83
501,08
503,25
505,50
507,66
509,91
512,16
514,41
516,58
518,83
521,08
523,25
525,50
527,75
530,00

291,33
293,33
295,33
297,33
299,33
300,66
303,25
305,25
307,33
309,33
311,33
313,33
315,33
317,33
319,33
321,41
323,41
325,41
327,50
329,50
331,50
333,58
335,58
337,66
339,66
341,75
343,75
345,83
347,83
349,91
352,00
354,00
356,08
358,16
360,16
362,25
364,33
366,41
368,50
370,58
372,66
374,66
376,75
378,83
380,91
383,00
385,08
387,25
389,33
391,41
393,50
395,58
397,75
399,83
401,91
404,00
406,16
408,25
410,41
412,50
414,58
416,75
418,83
421,00
423,08

103,66
105,16
106,66
108,16
109,66
111,16
112,66
114,33
115,83
117,33
119,00
120,50
122,00
123,66
125,16
126,83
128,33
130,00
131,66
133,16
134,83
136,50
138,00
139,66
141,33
143,00
144,66
146,33
148,00
149,66
151,33
153,00
154,66
156,33
158,00
159,83
161,50
163,16
165,00
166,66
168,33
170,16
171,83
173,66
175,33
177,16
178,83
180,66
182,33
184,16
185,83
187,66
189,33
191,16
192,83
194,66
196,33
198,16
199,83
201,66
203,33
205,16
207,00
208,66
210,50

755,16
758,00
761,00
763,83
766,83
769,66
772,66
775,50
778,50
781,50
784,33
787,33
790,16
793,16
796,16
799,16
802,00
805,00
808,16
811,00
814,00
817,16
820,00
823,00
826,00
829,00
832,16
835,00
838,00
841,16
844,16
847,16
850,16
853,16
856,16
859,25
862,33
865,41
868,41
871,50
874,50
877,58
880,58
883,66
886,66
889,75
892,75
895,83
898,91
901,91
905,00
908,00
911,08
914,16
917,16
920,25
923,25
926,33
929,41
932,41
935,50
938,50
941,58
944,58
947,66

797,83
800,66
803,66
806,66
809,66
812,66
815,66
818,50
821,66
824,66
827,66
830,66
833,66
836,83
839,66
842,83
845,83
848,83
851,83
854,83
857,83
860,91
863,91
867,00
870,00
873,08
876,08
879,16
882,25
885,25
888,33
891,41
894,41
897,50
900,50
903,58
906,58
909,66
912,75
915,75
918,83
921,83
924,91
927,91
931,00
934,08
937,08
940,16
943,25
946,25
949,33
952,33
955,41
958,41
961,50
964,50
967,58
970,66
973,66
976,75
979,75
982,83
985,91
988,91
992,00

3.956,99
3.965,99
3.974,99
3.983,99
3.992,99
4.001,99
4.010,99
4.019,99
4.028,99
4.037,99
4.046,99
4.055,99
4.064,99
4.073,99
4.082,99
4.091,99
4.100,99
4.109,99
4.118,99
4.127,99
4.136,99
4.145,99
4.154,99
4.163,99
4.172,99
4.181,99
4.190,99
4.199,99
4.208,99
4.217,99
4.226,99
4.235,99
4.244,99
4.253,99
4.262,99
4.271,99
4.280,99
4.289,99
4.298,99
4.307,99
4.316,99
4.325,99
4.334,99
4.343,99
4.352,99
4.361,99
4.370,99
4.379,99
4.388,99
4.397,99
4.406,99
4.415,99
4.424,99
4.433,99
4.442,99
4.451,99
4.460,99
4.469,99
4.478,99
4.487,99
4.496,99
4.505,99
4.514,99
4.523,99
4.532,99

532,25
534,50
536,75
539,00
541,25
543,50
545,75
548,00
550,25
552,50
554,75
557,00
559,33
561,58
563,83
566,08
568,41
570,66
572,91
575,25
577,50
579,83
582,08
584,41
586,66
589,00
591,25
593,58
595,91
598,16
600,50
602,83
605,16
607,41
609,75
612,08
614,41
616,75
619,00
621,33
623,66
626,08
628,41
630,75
633,08
635,41
637,75
640,08
642,41
644,75
647,08
649,50
651,83
654,16
656,58
658,91
661,25
663,66
666,00
668,41
670,75
673,16
675,58
677,91
680,33

425,25
427,33
429,50
431,66
433,83
435,91
438,08
440,25
442,41
444,50
446,66
448,83
451,00
453,16
455,33
457,50
459,66
461,83
464,00
466,16
468,33
470,58
472,75
474,91
477,08
479,25
481,41
483,66
485,83
488,00
490,25
492,41
494,66
496,83
499,08
501,25
503,50
505,66
507,91
510,08
512,33
514,58
516,83
519,00
521,25
523,50
525,75
527,91
530,16
532,41
534,66
536,91
539,16
541,41
543,66
545,91
548,16
550,41
552,66
555,00
557,25
559,50
561,75
564,08
566,33

212,16
214,00
215,83
217,50
219,33
221,16
222,83
224,66
226,33
228,16
230,00
231,66
233,50
235,33
237,16
238,83
240,66
242,50
244,16
246,00
247,83
249,66
251,33
253,16
255,00
256,83
258,50
260,33
262,16
264,00
265,66
267,50
269,33
271,16
273,00
274,83
276,66
278,33
280,16
282,00
283,83
285,66
287,50
289,33
291,00
292,83
294,66
296,50
298,33
300,16
302,00
303,83
305,66
307,50
309,33
311,16
313,00
314,83
316,66
318,50
320,33
322,16
324,00
325,83
327,66

950,66
953,75
956,83
959,91
962,91
966,00
969,00
972,08
975,08
978,16
981,16
984,25
987,33
990,33
993,41
996,41
999,50
1.002,50
1.005,58
1.008,66
1.011,66
1.014,75
1.017,83
1.020,83
1.023,91
1.026,91
1.030,00
1.033,00
1.036,08
1.039,08
1.042,16
1.045,25
1.048,25
1.051,33
1.054,41
1.057,41
1.060,50
1.063,50
1.066,58
1.069,58
1.072,66
1.075,75
1.078,75
1.081,83
1.084,83
1.087,91
1.090,91
1.094,00
1.097,00
1.100,08
1.103,16
1.106,25
1.109,25
1.112,33
1.115,33
1.118,41
1.121,41
1.124,50
1.127,50
1.130,58
1.133,58
1.136,66
1.139,75
1.142,75
1.145,83

995,00
998,08
1.001,16
1.004,16
1.007,25
1.010,25
1.013,33
1.016,33
1.019,41
1.022,41
1.025,50
1.028,58
1.031,66
1.034,66
1.037,75
1.040,75
1.043,83
1.046,83
1.049,91
1.052,91
1.056,00
1.059,08
1.062,08
1.065,16
1.068,16
1.071,25
1.074,25
1.077,33
1.080,41
1.083,41
1.086,50
1.089,58
1.092,58
1.095,66
1.098,66
1.101,75
1.104,75
1.107,83
1.110,83
1.113,91
1.116,91
1.120,00
1.123,08
1.126,16
1.129,16
1.132,25
1.135,25
1.138,33
1.141,33
1.144,41
1.147,41
1.150,50
1.153,58
1.156,58
1.159,66
1.162,66
1.165,75
1.168,75
1.171,83
1.174,91
1.177,91
1.181,00
1.184,08
1.187,08
1.190,16

Lohnsteuer in Steuerklasse

2 (4)		

S12b-01(01)-03(6).indd 6

Lohnsteuer in Steuerklasse

Mai 2025

07.04.2025 07:25:32

Monatslohnsteuer

12 b

Allgemeine Monatslohnsteuertabelle 2025 (in Auszügen)

Lohn/
Gehalt
bei €

I/IV

II

III

V

VI

Lohn/
Gehalt
bei €

I/IV

II

III

V

VI

4.541,99
4.550,99
4.559,99
4.568,99
4.577,99
4.586,99
4.595,99
4.604,99
4.613,99
4.622,99
4.631,99
4.640,99
4.649,99
4.658,99
4.667,99
4.676,99
4.685,99
4.694,99
4.703,99
4.712,99
4.721,99
4.730,99
4.739,99
4.748,99
4.757,99
4.766,99
4.775,99
4.784,99
4.793,99
4.802,99
4.811,99
4.820,99
4.829,99
4.838,99
4.847,99
4.856,99
4.865,99
4.874,99
4.883,99
4.892,99
4.901,99
4.910,99
4.919,99
4.928,99
4.937,99
4.946,99
4.955,99
4.964,99
4.973,99
4.982,99
4.991,99
5.000,99
5.009,99
5.018,99
5.027,99
5.036,99
5.045,99
5.054,99
5.063,99
5.072,99
5.081,99
5.090,99
5.099,99
5.108,99
5.117,99

682,66
685,08
687,50
689,83
692,25
694,66
697,08
699,50
701,83
704,25
706,66
709,08
711,50
713,91
716,33
718,75
721,16
723,58
726,00
728,41
730,91
733,33
735,75
738,16
740,58
743,08
745,50
748,00
750,41
752,83
755,33
757,75
760,25
762,66
765,16
767,58
770,08
772,58
775,00
777,50
780,00
782,41
784,91
787,41
789,91
792,41
794,83
797,33
799,83
802,33
804,83
807,33
809,83
812,33
814,83
817,41
819,91
822,41
824,91
827,41
829,91
832,50
835,00
837,50
840,08

568,58
570,91
573,16
575,41
577,75
580,00
582,33
584,58
586,91
589,16
591,50
593,83
596,08
598,41
600,66
603,00
605,33
607,66
610,00
612,25
614,58
616,91
619,25
621,58
623,91
626,25
628,58
630,91
633,25
635,58
637,91
640,25
642,66
645,00
647,33
649,75
652,08
654,41
656,75
659,16
661,50
663,83
666,25
668,58
671,00
673,41
675,75
678,16
680,50
682,91
685,33
687,66
690,08
692,50
694,91
697,25
699,66
702,08
704,50
706,91
709,33
711,75
714,08
716,50
719,00

329,50
331,33
333,16
335,00
336,83
338,66
340,50
342,33
344,16
346,00
347,83
349,83
351,66
353,50
355,33
357,16
359,00
360,83
362,83
364,66
366,50
368,33
370,16
372,00
374,00
375,83
377,66
379,50
381,33
383,33
385,16
387,00
388,83
390,83
392,66
394,50
396,50
398,33
400,16
402,00
404,00
405,83
407,66
409,66
411,50
413,33
415,33
417,16
419,00
421,00
422,83
424,83
426,66
428,50
430,50
432,33
434,33
436,16
438,00
440,00
441,83
443,83
445,66
447,50
449,50

1.148,91
1.151,91
1.155,00
1.158,00
1.161,08
1.164,08
1.167,16
1.170,25
1.173,25
1.176,33
1.179,33
1.182,41
1.185,41
1.188,50
1.191,50
1.194,58
1.197,66
1.200,75
1.203,75
1.206,83
1.209,83
1.212,91
1.215,91
1.219,00
1.222,00
1.225,08
1.228,16
1.231,16
1.234,25
1.237,25
1.240,33
1.243,41
1.246,41
1.249,50
1.252,50
1.255,58
1.258,66
1.261,66
1.264,75
1.267,75
1.270,83
1.273,83
1.276,91
1.279,91
1.283,00
1.286,08
1.289,08
1.292,16
1.295,25
1.298,25
1.301,33
1.304,33
1.307,41
1.310,41
1.313,50
1.316,58
1.319,58
1.322,66
1.325,66
1.328,75
1.331,75
1.334,83
1.337,91
1.340,91
1.344,00

1.193,16
1.196,25
1.199,25
1.202,33
1.205,33
1.208,41
1.211,50
1.214,50
1.217,58
1.220,66
1.223,66
1.226,75
1.229,75
1.232,83
1.235,83
1.238,91
1.242,00
1.245,00
1.248,08
1.251,08
1.254,16
1.257,16
1.260,25
1.263,25
1.266,33
1.269,41
1.272,50
1.275,50
1.278,58
1.281,58
1.284,66
1.287,66
1.290,75
1.293,75
1.296,83
1.299,91
1.302,91
1.306,00
1.309,00
1.312,08
1.315,16
1.318,16
1.321,25
1.324,25
1.327,33
1.330,41
1.333,41
1.336,50
1.339,50
1.342,58
1.345,58
1.348,66
1.351,66
1.354,75
1.357,83
1.360,83
1.363,91
1.367,00
1.370,00
1.373,08
1.376,08
1.379,16
1.382,16
1.385,25
1.388,33

5.126,99
5.135,99
5.144,99
5.153,99
5.162,99
5.171,99
5.180,99
5.189,99
5.198,99
5.207,99
5.216,99
5.225,99
5.234,99
5.243,99
5.252,99
5.261,99
5.270,99
5.279,99
5.288,99
5.297,99
5.306,99
5.315,99
5.324,99
5.333,99
5.342,99
5.351,99
5.360,99
5.369,99
5.378,99
5.387,99
5.396,99
5.405,99
5.414,99
5.423,99
5.432,99
5.441,99
5.450,99
5.459,99
5.468,99
5.477,99
5.486,99
5.495,99
5.504,99
5.513,99
5.522,99
5.531,99
5.540,99
5.549,99
5.558,99
5.567,99
5.576,99
5.585,99
5.594,99
5.603,99
5.612,99
5.621,99
5.630,99
5.639,99
5.648,99
5.657,99
5.666,99
5.675,99
5.684,99
5.693,99
5.702,99

842,58
845,08
847,66
850,16
852,75
855,25
857,83
860,33
862,91
865,50
868,00
870,58
873,16
875,66
878,25
880,83
883,41
885,91
888,50
891,08
893,66
896,25
898,83
901,41
904,00
906,58
909,16
911,75
914,33
917,00
919,58
922,16
924,75
927,33
930,00
932,58
935,16
937,83
940,41
943,08
945,66
948,33
950,91
953,58
956,58
959,50
962,50
965,41
968,41
971,41
974,33
977,33
980,33
983,25
986,25
989,25
992,25
995,25
998,25
1.001,25
1.004,25
1.007,25
1.010,25
1.013,25
1.016,33

721,41
723,83
726,25
728,66
731,08
733,50
736,00
738,41
740,83
743,33
745,75
748,16
750,66
753,08
755,50
758,00
760,41
762,91
765,33
767,83
770,33
772,75
775,25
777,75
780,16
782,66
785,16
787,58
790,08
792,58
795,08
797,58
800,08
802,58
805,08
807,58
810,08
812,58
815,08
817,58
820,08
822,66
825,16
827,75
830,58
833,41
836,25
839,08
841,91
844,75
847,58
850,41
853,33
856,16
859,00
861,91
864,75
867,66
870,50
873,41
876,25
879,16
882,08
884,91
887,83

451,50
453,33
455,33
457,16
459,16
461,00
462,83
464,83
466,83
468,66
470,66
472,50
474,50
476,33
478,33
480,16
482,16
484,16
486,00
488,00
489,83
491,83
493,83
495,66
497,66
499,50
501,50
503,50
505,33
507,33
509,33
511,33
513,16
515,16
517,00
519,00
521,00
523,00
524,83
526,83
528,83
530,83
532,66
534,66
537,00
539,16
541,33
543,50
545,83
548,00
550,16
552,33
554,66
556,83
559,00
561,33
563,50
565,66
568,00
570,16
572,50
574,66
576,83
579,16
581,33

1.347,08
1.350,08
1.353,16
1.356,16
1.359,25
1.362,25
1.365,33
1.368,33
1.371,41
1.374,50
1.377,50
1.380,58
1.383,58
1.386,66
1.389,75
1.392,75
1.395,83
1.398,83
1.401,91
1.405,00
1.408,00
1.411,08
1.414,08
1.417,16
1.420,16
1.423,25
1.426,25
1.429,33
1.432,41
1.435,41
1.438,50
1.441,58
1.444,58
1.447,66
1.450,66
1.453,75
1.456,75
1.459,83
1.462,83
1.465,91
1.469,00
1.472,00
1.475,08
1.478,16
1.481,58
1.485,08
1.488,50
1.491,91
1.495,33
1.498,75
1.502,16
1.505,58
1.509,00
1.512,41
1.515,91
1.519,33
1.522,75
1.526,16
1.529,58
1.533,00
1.536,50
1.539,91
1.543,33
1.546,75
1.550,16

1.391,33
1.394,41
1.397,41
1.400,50
1.403,50
1.406,58
1.409,66
1.412,66
1.415,75
1.418,83
1.421,83
1.424,91
1.427,91
1.431,00
1.434,00
1.437,08
1.440,08
1.443,16
1.446,16
1.449,25
1.452,33
1.455,33
1.458,41
1.461,50
1.464,50
1.467,58
1.470,58
1.473,66
1.476,66
1.479,75
1.482,83
1.485,83
1.488,91
1.491,91
1.495,00
1.498,00
1.501,08
1.504,16
1.507,16
1.510,25
1.513,33
1.516,33
1.519,41
1.522,50
1.525,91
1.529,33
1.532,75
1.536,25
1.539,66
1.543,08
1.546,50
1.549,91
1.553,33
1.556,75
1.560,16
1.563,66
1.567,08
1.570,50
1.573,91
1.577,33
1.580,75
1.584,16
1.587,66
1.591,08
1.594,50

Lohnsteuer in Steuerklasse

Lohnsteuer in Steuerklasse

1
b

Mai 2025		
2 (5)

S12b-01(01)-03(6).indd 7

07.04.2025 07:25:32

-

Monatslohnsteuer

12 b Allgemeine Monatslohnsteuertabelle 2025 (in Auszügen)
Lohn/
Gehalt
bei €
5.711,99
5.720,99
5.729,99
5.738,99
5.747,99
5.756,99
5.765,99
5.774,99
5.783,99
5.792,99
5.801,99
5.810,99
5.819,99
5.828,99
5.837,99
5.846,99
5.855,99
5.864,99
5.873,99
5.882,99
5.891,99
5.900,99
5.909,99
5.918,99
5.927,99
5.936,99
5.945,99
5.954,99
5.963,99
5.972,99
5.981,99
5.990,99
5.999,99
6.008,99
6.017,99
6.026,99
6.035,99
6.044,99
6.053,99
6.062,99
6.071,99
6.080,99
6.089,99
6.098,99
6.107,99
6.116,99
6.125,99
6.134,99
6.143,99
6.152,99
6.161,99
6.170,99
6.179,99
6.188,99
6.197,99
6.206,99
6.215,99
6.224,99
6.233,99
6.242,99
6.251,99
6.260,99
6.269,99
6.278,99
6.287,99

III

V

VI

Lohn/
Gehalt
bei €

583,66
585,83
588,00
590,33
592,50
594,83
597,00
599,33
601,50
603,66
606,00
608,16
610,50
612,66
615,00
617,33
619,50
621,83
624,00
626,33
628,50
630,83
633,16
635,33
637,66
639,83
642,16
644,50
646,66
649,00
651,33
653,50
655,83
658,16
660,33
662,66
665,00
667,33
669,50
671,83
674,16
676,50
678,66
681,00
683,33
685,66
688,00
690,16
692,50
694,83
697,16
699,50
701,83
704,16
706,33
708,66
711,00
713,33
715,66
718,00
720,33
722,50
724,83
727,16
729,50

1.553,58
1.557,08
1.560,50
1.563,91
1.567,33
1.570,75
1.574,16
1.577,66
1.581,00
1.584,41
1.587,91
1.591,33
1.594,75
1.598,16
1.601,58
1.605,00
1.608,50
1.611,91
1.615,33
1.618,75
1.622,16
1.625,58
1.629,00
1.632,50
1.635,91
1.639,33
1.642,75
1.646,16
1.649,58
1.653,08
1.656,50
1.659,91
1.663,33
1.666,75
1.670,16
1.673,58
1.677,00
1.680,41
1.683,91
1.687,33
1.690,75
1.694,16
1.697,58
1.701,00
1.704,50
1.707,91
1.711,33
1.714,75
1.718,16
1.721,58
1.725,08
1.728,50
1.731,91
1.735,33
1.738,75
1.742,16
1.745,58
1.749,00
1.752,41
1.755,91
1.759,33
1.762,75
1.766,16
1.769,58
1.773,00

1.597,91
1.601,33
1.604,75
1.608,25
1.611,66
1.615,08
1.618,50
1.621,91
1.625,33
1.628,75
1.632,16
1.635,58
1.639,08
1.642,50
1.645,91
1.649,33
1.652,75
1.656,16
1.659,66
1.663,08
1.666,50
1.669,91
1.673,33
1.676,75
1.680,25
1.683,66
1.687,08
1.690,50
1.693,91
1.697,33
1.700,75
1.704,16
1.707,58
1.711,08
1.714,50
1.717,91
1.721,33
1.724,75
1.728,16
1.731,66
1.735,08
1.738,50
1.741,91
1.745,33
1.748,75
1.752,16
1.755,66
1.759,08
1.762,50
1.765,91
1.769,33
1.772,75
1.776,25
1.779,66
1.783,00
1.786,50
1.789,91
1.793,33
1.796,75
1.800,16
1.803,58
1.807,08
1.810,50
1.813,91
1.817,33

6.296,99
6.305,99
6.314,99
6.323,99
6.332,99
6.341,99
6.350,99
6.359,99
6.368,99
6.377,99
6.386,99
6.395,99
6.404,99
6.413,99
6.422,99
6.431,99
6.440,99
6.449,99
6.458,99
6.467,99
6.476,99
6.485,99
6.494,99
6.503,99
6.512,99
6.521,99
6.530,99
6.539,99
6.548,99
6.557,99
6.566,99
6.575,99
6.584,99
6.593,99
6.602,99
6.611,99
6.620,99
6.629,99
6.638,99
6.647,99
6.656,99
6.665,99
6.674,99
6.683,99
6.692,99
6.701,99
6.710,99
6.719,99
6.728,99
6.737,99
6.746,99
6.755,99
6.764,99
6.773,99
6.782,99
6.791,99
6.800,99
6.809,99
6.818,99
6.827,99
6.836,99
6.845,99
6.854,99
6.863,99
6.872,99

Lohnsteuer in Steuerklasse
I/IV

II

1.019,33 890,75
1.022,33 893,66
1.025,33 896,50
1.028,41 899,41
1.031,41 902,33
1.034,41 905,25
1.037,50 908,16
1.040,50 911,08
1.043,50 914,00
1.046,58 916,91
1.049,58 919,83
1.052,66 922,75
1.055,75 925,66
1.058,75 928,58
1.061,83 931,50
1.064,91 934,50
1.068,00 937,41
1.071,00 940,33
1.074,08 943,33
1.077,16 946,25
1.080,25 949,16
1.083,33 952,16
1.086,41 955,08
1.089,50 958,08
1.092,58 961,00
1.095,66 964,00
1.098,75 967,00
1.101,83 969,91
1.104,91 972,91
1.108,00 975,91
1.111,16 978,83
1.114,25 981,83
1.117,33 984,83
1.120,41 987,83
1.123,58 990,75
1.126,66 993,75
1.129,75 996,75
1.132,91 999,75
1.136,00 1.002,75
1.139,16 1.005,75
1.142,33 1.008,83
1.145,41 1.011,83
1.148,58 1.014,83
1.151,66 1.017,83
1.154,83 1.020,83
1.158,00 1.023,91
1.161,16 1.026,91
1.164,33 1.029,91
1.167,41 1.033,00
1.170,58 1.036,00
1.173,75 1.039,00
1.176,91 1.042,08
1.180,08 1.045,08
1.183,25 1.048,16
1.186,41 1.051,16
1.189,58 1.054,25
1.192,75 1.057,25
1.195,91 1.060,33
1.199,08 1.063,41
1.202,33 1.066,50
1.205,50 1.069,50
1.208,66 1.072,58
1.211,83 1.075,66
1.215,08 1.078,75
1.218,25 1.081,83

2 (6)		

S12b-01(01)-03(6).indd 8

Lohnsteuer in Steuerklasse
I/IV

II

1.221,50 1.084,91
1.224,66 1.088,00
1.227,91 1.091,08
1.231,08 1.094,16
1.234,33 1.097,25
1.237,50 1.100,33
1.240,75 1.103,41
1.243,91 1.106,50
1.247,16 1.109,58
1.250,41 1.112,75
1.253,66 1.115,83
1.256,83 1.118,91
1.260,08 1.122,00
1.263,33 1.125,16
1.266,58 1.128,25
1.269,83 1.131,41
1.273,08 1.134,50
1.276,33 1.137,66
1.279,58 1.140,75
1.282,83 1.143,91
1.286,08 1.147,00
1.289,33 1.150,16
1.292,58 1.153,33
1.295,83 1.156,41
1.299,08 1.159,58
1.302,41 1.162,75
1.305,66 1.165,91
1.308,91 1.169,08
1.312,25 1.172,25
1.315,50 1.175,41
1.318,83 1.178,58
1.322,08 1.181,66
1.325,41 1.184,91
1.328,66 1.188,08
1.331,91 1.191,16
1.335,25 1.194,33
1.338,58 1.197,58
1.341,83 1.200,75
1.345,16 1.203,91
1.348,50 1.207,08
1.351,75 1.210,33
1.355,08 1.213,50
1.358,41 1.216,66
1.361,75 1.219,91
1.365,08 1.223,08
1.368,41 1.226,33
1.371,75 1.229,50
1.375,08 1.232,75
1.378,41 1.235,91
1.381,75 1.239,16
1.385,08 1.242,41
1.388,41 1.245,58
1.391,75 1.248,83
1.395,16 1.252,08
1.398,50 1.255,25
1.401,83 1.258,50
1.405,25 1.261,75
1.408,50 1.265,00
1.411,91 1.268,25
1.415,25 1.271,41
1.418,66 1.274,66
1.422,00 1.277,91
1.425,41 1.281,25
1.428,75 1.284,50
1.432,16 1.287,75

III

V

VI

731,83
734,16
736,50
738,83
741,16
743,50
745,83
748,16
750,50
752,83
755,16
757,66
760,00
762,33
764,66
767,00
769,33
771,66
774,00
776,33
778,66
781,16
783,50
785,83
788,16
790,50
792,83
795,33
797,66
800,00
802,33
804,83
807,16
809,50
811,83
814,16
816,66
819,00
821,33
823,66
826,16
828,50
830,83
833,33
835,66
838,00
840,50
842,83
845,16
847,66
850,00
852,50
854,83
857,16
859,66
862,00
864,50
866,83
869,33
871,66
874,16
876,50
879,00
881,33
883,83

1.776,50
1.779,91
1.783,33
1.786,75
1.790,16
1.793,58
1.797,00
1.800,50
1.803,91
1.807,33
1.810,75
1.814,16
1.817,58
1.821,00
1.824,41
1.827,91
1.831,33
1.834,75
1.838,16
1.841,58
1.845,00
1.848,41
1.851,91
1.855,33
1.858,75
1.862,16
1.865,58
1.869,00
1.872,50
1.875,91
1.879,33
1.882,75
1.886,16
1.889,58
1.893,00
1.896,41
1.899,83
1.903,33
1.906,75
1.910,16
1.913,58
1.917,00
1.920,41
1.923,91
1.927,33
1.930,75
1.934,16
1.937,58
1.941,00
1.944,50
1.947,91
1.951,33
1.954,75
1.958,16
1.961,58
1.965,00
1.968,50
1.971,83
1.975,33
1.978,75
1.982,16
1.985,58
1.989,00
1.992,41
1.995,91

1.820,75
1.824,16
1.827,66
1.831,08
1.834,50
1.837,91
1.841,33
1.844,75
1.848,25
1.851,66
1.855,08
1.858,50
1.861,91
1.865,33
1.868,75
1.872,16
1.875,58
1.879,08
1.882,50
1.885,91
1.889,33
1.892,75
1.896,16
1.899,66
1.903,08
1.906,50
1.909,91
1.913,33
1.916,75
1.920,16
1.923,66
1.927,08
1.930,50
1.933,91
1.937,33
1.940,75
1.944,16
1.947,58
1.951,00
1.954,50
1.957,91
1.961,33
1.964,75
1.968,16
1.971,58
1.975,08
1.978,50
1.981,91
1.985,33
1.988,75
1.992,16
1.995,66
1.999,08
2.002,50
2.005,91
2.009,33
2.012,75
2.016,16
2.019,58
2.023,00
2.026,50
2.029,91
2.033,33
2.036,75
2.040,16

Mai 2025

07.04.2025 07:25:33

Monatslohnsteuer

12 b

Allgemeine Monatslohnsteuertabelle 2025 (in Auszügen)

Lohn/
Gehalt
bei €
6.881,99
6.890,99
6.899,99
6.908,99
6.917,99
6.926,99
6.935,99
6.944,99
6.953,99
6.962,99
6.971,99
6.980,99
6.989,99
6.998,99
7.007,99
7.016,99
7.025,99
7.034,99
7.043,99
7.052,99
7.061,99
7.070,99
7.079,99
7.088,99
7.097,99
7.106,99
7.115,99
7.124,99
7.133,99
7.142,99
7.151,99
7.160,99
7.169,99
7.178,99
7.187,99
7.196,99
7.205,99
7.214,99
7.223,99
7.232,99
7.241,99
7.250,99
7.259,99
7.268,99
7.277,99
7.286,99
7.295,99
7.304,99
7.313,99
7.322,99
7.331,99
7.340,99
7.349,99
7.358,99
7.367,99
7.376,99
7.385,99
7.394,99
7.403,99
7.412,99
7.421,99
7.430,99
7.439,99
7.448,99
7.457,99

III

V

VI

Lohn/
Gehalt
bei €

886,16
888,66
891,00
893,50
895,83
898,33
900,66
903,16
905,66
908,00
910,50
912,83
915,33
917,83
920,16
922,66
925,00
927,50
930,00
932,33
934,83
937,33
939,66
942,16
944,66
947,16
949,50
952,00
954,50
957,00
959,33
961,83
964,33
966,83
969,33
971,66
974,16
976,66
979,16
981,66
984,16
986,50
989,00
991,50
994,00
996,50
999,00
1.001,50
1.004,00
1.006,50
1.009,00
1.011,50
1.014,00
1.016,50
1.018,83
1.021,33
1.023,83
1.026,33
1.028,83
1.031,50
1.033,83
1.036,33
1.038,83
1.041,33
1.043,83

1.999,33
2.002,75
2.006,16
2.009,58
2.013,00
2.016,41
2.019,91
2.023,33
2.026,75
2.030,16
2.033,58
2.037,00
2.040,50
2.043,91
2.047,33
2.050,75
2.054,16
2.057,58
2.061,00
2.064,41
2.067,83
2.071,33
2.074,75
2.078,16
2.081,58
2.085,00
2.088,41
2.091,91
2.095,33
2.098,75
2.102,16
2.105,58
2.109,00
2.112,50
2.115,91
2.119,33
2.122,75
2.126,16
2.129,58
2.133,00
2.136,41
2.139,83
2.143,33
2.146,75
2.150,16
2.153,58
2.157,00
2.160,41
2.163,91
2.167,33
2.170,75
2.174,16
2.177,58
2.181,00
2.184,41
2.187,91
2.191,33
2.194,75
2.198,16
2.201,58
2.205,00
2.208,41
2.211,83
2.215,25
2.218,75

2.043,58
2.047,08
2.050,50
2.053,91
2.057,33
2.060,75
2.064,16
2.067,66
2.071,08
2.074,50
2.077,91
2.081,33
2.084,75
2.088,16
2.091,66
2.095,00
2.098,50
2.101,91
2.105,33
2.108,75
2.112,16
2.115,58
2.119,00
2.122,50
2.125,91
2.129,33
2.132,75
2.136,16
2.139,58
2.143,08
2.146,50
2.149,91
2.153,33
2.156,75
2.160,16
2.163,66
2.167,08
2.170,50
2.173,91
2.177,33
2.180,75
2.184,16
2.187,58
2.191,00
2.194,50
2.197,91
2.201,33
2.204,75
2.208,16
2.211,58
2.215,08
2.218,50
2.221,91
2.225,33
2.228,75
2.232,16
2.235,66
2.239,08
2.242,50
2.245,91
2.249,33
2.252,75
2.256,16
2.259,58
2.263,00

7.466,99
7.475,99
7.484,99
7.493,99
7.502,99
7.511,99
7.520,99
7.529,99
7.538,99
7.547,99
7.556,99
7.565,99
7.574,99
7.583,99
7.592,99
7.601,99
7.610,99
7.619,99
7.628,99
7.637,99
7.646,99
7.655,99
7.664,99
7.673,99
7.682,99
7.691,99
7.700,99
7.709,99
7.718,99
7.727,99
7.736,99
7.745,99
7.754,99
7.763,99
7.772,99
7.781,99
7.790,99
7.799,99
7.808,99
7.817,99
7.826,99
7.835,99
7.844,99
7.853,99
7.862,99
7.871,99
7.880,99
7.889,99
7.898,99
7.907,99
7.916,99
7.925,99
7.934,99
7.943,99
7.952,99
7.961,99
7.970,99
7.979,99
7.988,99
7.997,99
8.006,99
8.015,99
8.024,99
8.033,99
8.042,99

Lohnsteuer in Steuerklasse
I/IV

II

1.435,58 1.291,00
1.438,91 1.294,25
1.442,33 1.297,50
1.445,75 1.300,83
1.449,08 1.304,08
1.452,50 1.307,33
1.455,91 1.310,58
1.459,33 1.313,91
1.462,75 1.317,16
1.466,16 1.320,50
1.469,58 1.323,75
1.473,00 1.327,08
1.476,41 1.330,33
1.479,83 1.333,66
1.483,25 1.337,00
1.486,66 1.340,25
1.490,08 1.343,50
1.493,50 1.346,83
1.496,91 1.350,16
1.500,33 1.353,50
1.503,75 1.356,83
1.507,16 1.360,08
1.510,66 1.363,41
1.514,08 1.366,75
1.517,50 1.370,08
1.520,91 1.373,41
1.524,33 1.376,75
1.527,75 1.380,08
1.531,25 1.383,41
1.534,66 1.386,83
1.538,08 1.390,16
1.541,50 1.393,50
1.544,91 1.396,83
1.548,33 1.400,16
1.551,83 1.403,58
1.555,25 1.406,91
1.558,66 1.410,33
1.562,08 1.413,66
1.565,50 1.417,00
1.568,91 1.420,33
1.572,33 1.423,75
1.575,75 1.427,08
1.579,16 1.430,50
1.582,66 1.433,91
1.586,08 1.437,25
1.589,50 1.440,66
1.592,91 1.444,08
1.596,33 1.447,41
1.599,75 1.450,83
1.603,25 1.454,25
1.606,66 1.457,66
1.610,08 1.461,08
1.613,50 1.464,50
1.616,91 1.467,91
1.620,33 1.471,33
1.623,83 1.474,75
1.627,25 1.478,16
1.630,66 1.481,58
1.634,08 1.485,00
1.637,50 1.488,41
1.640,91 1.491,83
1.644,33 1.495,25
1.647,75 1.498,66
1.651,16 1.502,08
1.654,66 1.505,50

Lohnsteuer in Steuerklasse
I/IV

II

1.658,08 1.508,91
1.661,50 1.512,41
1.664,91 1.515,83
1.668,33 1.519,25
1.671,75 1.522,66
1.675,16 1.526,08
1.678,66 1.529,50
1.682,08 1.533,00
1.685,50 1.536,41
1.688,91 1.539,83
1.692,33 1.543,25
1.695,75 1.546,66
1.699,25 1.550,08
1.702,66 1.553,58
1.706,08 1.557,00
1.709,50 1.560,41
1.712,91 1.563,83
1.716,33 1.567,25
1.719,75 1.570,66
1.723,16 1.574,08
1.726,58 1.577,50
1.730,08 1.580,91
1.733,50 1.584,41
1.736,91 1.587,33
1.740,33 1.591,25
1.743,75 1.594,66
1.747,16 1.598,08
1.750,66 1.601,50
1.754,08 1.605,00
1.757,50 1.608,41
1.760,91 1.611,83
1.764,33 1.615,25
1.767,75 1.618,66
1.771,25 1.622,08
1.774,66 1.625,58
1.778,08 1.629,00
1.781,50 1.632,41
1.784,91 1.635,83
1.788,33 1.639,25
1.791,83 1.642,66
1.795,25 1.646,08
1.798,58 1.649,50
1.802,08 1.652,91
1.805,50 1.656,41
1.808,91 1.659,83
1.812,33 1.663,25
1.815,75 1.666,66
1.819,15 1.670,08
1.822,66 1.673,50
1.826,08 1.676,91
1.829,50 1.680,41
1.832,91 1.683,83
1.836,33 1.687,25
1.839,75 1.690,66
1.843,16 1.694,08
1.846,66 1.697,50
1.850,08 1.701,00
1.853,50 1.704,41
1.856,91 1.707,83
1.860,33 1.711,25
1.863,75 1.714,66
1.867,25 1.718,08
1.870,66 1.721,58
1.874,08 1.724,91
1.877,50 1.728,33

III

V

VI

1.046,33
1.049,00
1.051,50
1.054,00
1.056,50
1.059,00
1.061,50
1.064,00
1.066,50
1.069,16
1.071,66
1.074,16
1.076,66
1.079,16
1.081,66
1.084,33
1.086,83
1.089,33
1.091,83
1.094,33
1.097,00
1.099,50
1.102,00
1.104,50
1.107,16
1.109,66
1.112,16
1.114,83
1.117,33
1.119,83
1.122,50
1.125,00
1.127,50
1.130,16
1.132,66
1.135,16
1.137,83
1.140,33
1.142,83
1.145,50
1.148,00
1.150,50
1.153,16
1.155,66
1.158,33
1.160,83
1.163,50
1.166,00
1.168,66
1.171,16
1.173,83
1.176,33
1.179,00
1.181,50
1.184,16
1.186,66
1.189,33
1.191,83
1.194,50
1.197,00
1.199,66
1.202,33
1.204,83
1.207,50
1.210,00

2.222,16
2.225,58
2.229,00
2.232,41
2.235,83
2.239,33
2.242,75
2.246,16
2.249,58
2.253,00
2.256,41
2.259,91
2.263,33
2.266,75
2.270,16
2.273,58
2.277,00
2.280,50
2.283,83
2.287,25
2.290,75
2.294,16
2.297,58
2.301,00
2.304,41
2.307,83
2.311,33
2.314,75
2.318,16
2.321,58
2.325,00
2.328,41
2.331,91
2.335,33
2.338,75
2.342,16
2.345,58
2.349,00
2.352,41
2.355,91
2.359,33
2.362,75
2.366,16
2.369,58
2.373,00
2.376,41
2.379,83
2.383,25
2.386,75
2.390,16
2.393,58
2.397,00
2.400,41
2.403,83
2.407,33
2.410,75
2.414,16
2.417,58
2.421,00
2.424,41
2.427,91
2.431,33
2.434,75
2.438,16
2.441,58

2.266,50
2.269,91
2.273,33
2.276,75
2.280,16
2.283,58
2.287,00
2.290,50
2.293,91
2.297,33
2.300,75
2.304,16
2.307,58
2.311,08
2.314,50
2.317,91
2.321,33
2.324,75
2.328,16
2.331,58
2.335,00
2.338,41
2.341,91
2.345,33
2.348,75
2.352,16
2.355,58
2.359,00
2.362,50
2.365,91
2.369,33
2.372,75
2.376,16
2.379,58
2.383,08
2.386,50
2.389,91
2.393,33
2.396,75
2.400,16
2.403,66
2.407,00
2.410,41
2.413,91
2.417,33
2.420,75
2.424,16
2.427,58
2.431,00
2.434,50
2.437,91
2.441,33
2.444,75
2.448,16
2.451,58
2.455,00
2.458,50
2.461,91
2.465,33
2.468,75
2.472,16
2.475,58
2.479,08
2.482,41
2.485,91

1
b

Mai 2025		
2 (7)

S12b-01(01)-03(6).indd 9

07.04.2025 07:25:33

Monatslohnsteuer

12 b Allgemeine Monatslohnsteuertabelle 2025 (in Auszügen)
Lohn/
Gehalt
bei €

I/IV

II

III

V

VI

Lohn/
Gehalt
bei €

I/IV

II

III

V

VI

8.051,99
8.060,99
8.069,99
8.078,99
8.087,99
8.096,99
8.105,99
8.114,99
8.123,99
8.132,99
8.141,99
8.150,99
8.159,99
8.168,99
8.177,99
8.186,99
8.195,99
8.204,99
8.213,99
8.222,99
8.231,99
8.240,99
8.249,99
8.258,99
8.267,99
8.276,99
8.285,99
8.294,99
8.303,99
8.312,99
8.321,99
8.330,99
8.339,99
8.348,99
8.357,99
8.366,99
8.375,99
8.384,99
8.393,99
8.402,99
8.411,99
8.420,99
8.429,99
8.438,99
8.447,99
8.456,99
8.465,99
8.474,99
8.483,99
8.492,99

1.881,00
1.884,75
1.888,58
1.892,33
1.896,16
1.899,91
1.903,66
1.907,50
1.911,25
1.915,00
1.918,83
1.922,58
1.926,33
1.930,16
1.933,91
1.937,66
1.941,50
1.945,25
1.949,08
1.952,83
1.956,58
1.960,41
1.964,16
1.967,91
1.971,75
1.975,50
1.979,25
1.983,08
1.986,83
1.990,66
1.994,41
1.998,16
2.002,00
2.005,75
2.009,50
2.013,33
2.017,08
2.020,83
2.024,66
2.028,41
2.032,16
2.036,00
2.039,75
2.043,58
2.047,33
2.051,08
2.054,91
2.058,66
2.062,41
2.066,25

1.731,91
1.735,66
1.739,50
1.743,25
1.747,00
1.750,83
1.754,58
1.758,33
1.762,16
1.765,91
1.769,66
1.773,50
1.777,25
1.781,08
1.784,83
1.788,58
1.792,41
1.796,16
1.799,91
1.803,75
1.807,50
1.811,25
1.815,08
1.818,83
1.822,66
1.826,41
1.830,16
1.834,00
1.837,75
1.841,50
1.845,33
1.849,08
1.852,83
1.856,66
1.860,41
1.864,16
1.868,00
1.871,75
1.875,58
1.879,33
1.883,08
1.886,91
1.890,66
1.894,41
1.898,25
1.902,00
1.905,75
1.909,58
1.913,33
1.917,16

1.212,66
1.215,66
1.218,50
1.221,33
1.224,16
1.227,16
1.230,00
1.232,83
1.235,66
1.238,66
1.241,50
1.244,33
1.247,33
1.250,16
1.253,00
1.256,00
1.258,83
1.261,83
1.264,66
1.267,50
1.270,50
1.273,33
1.276,33
1.279,16
1.282,16
1.285,00
1.287,83
1.290,83
1.293,66
1.296,66
1.299,66
1.302,50
1.305,50
1.308,33
1.311,33
1.314,16
1.317,16
1.320,00
1.323,00
1.326,00
1.328,83
1.331,83
1.334,83
1.337,66
1.340,66
1.343,66
1.346,50
1.349,50
1.352,50
1.355,33

2.445,08
2.448,91
2.452,66
2.456,41
2.460,25
2.464,00
2.467,75
2.471,58
2.475,33
2.479,08
2.482,91
2.486,66
2.490,50
2.494,25
2.498,00
2.501,83
2.505,58
2.509,33
2.513,16
2.516,91
2.520,66
2.524,50
2.528,25
2.532,00
2.535,83
2.539,58
2.543,41
2.547,16
2.550,91
2.554,75
2.558,50
2.562,25
2.566,08
2.569,33
2.573,58
2.577,41
2.581,16
2.585,00
2.588,75
2.592,50
2.596,33
2.600,08
2.603,83
2.607,66
2.611,41
2.615,16
2.619,00
2.622,75
2.626,50
2.630,33

2.489,41
2.493,16
2.497,00
2.500,75
2.504,50
2.508,33
2.512,08
2.515,83
2.519,66
2.523,41
2.527,25
2.531,00
2.534,75
2.538,58
2.542,33
2.546,08
2.549,91
2.553,66
2.557,41
2.561,25
2.565,00
2.568,75
2.572,58
2.576,33
2.580,16
2.583,91
2.587,66
2.591,50
2.595,25
2.599,00
2.602,83
2.606,58
2.610,33
2.614,16
2.617,91
2.621,75
2.625,50
2.629,25
2.633,08
2.636,83
2.640,58
2.644,41
2.648,16
2.651,91
2.655,75
2.659,50
2.663,25
2.667,08
2.670,83
2.674,66

8.501,99
8.510,99
8.519,99
8.528,99
8.537,99
8.546,99
8.555,99
8.564,99
8.573,99
8.582,99
8.591,99
8.600,99
8.609,99
8.618,99
8.627,99
8.636,99
8.645,99
8.654,99
8.663,99
8.672,99
8.681,99
8.690,99
8.699,99
8.708,99
8.717,99
8.726,99
8.735,99
8.744,99
8.753,99
8.762,99
8.771,99
8.780,99
8.789,99
8.798,99
8.807,99
8.816,99
8.825,99
8.834,99
8.843,99
8.852,99
8.861,99
8.870,99
8.879,99
8.888,99
8.897,99
8.906,99
8.915,99
8.924,99
8.933,99
8.942,99

2.070,00
2.073,75
2.077,58
2.081,33
2.085,16
2.088,91
2.092,66
2.096,50
2.100,25
2.104,00
2.107,83
2.111,58
2.115,33
2.119,16
2.122,91
2.126,66
2.130,50
2.134,25
2.138,08
2.141,83
2.145,58
2.149,41
2.153,16
2.156,91
2.160,75
2.164,50
2.168,25
2.172,08
2.175,83
2.179,66
2.183,41
2.187,16
2.191,00
2.194,75
2.198,50
2.202,33
2.206,08
2.209,83
2.213,66
2.217,41
2.221,16
2.225,00
2.228,75
2.232,58
2.236,33
2.240,08
2.243,91
2.247,66
2.251,41
2.255,25

1.920,91
1.924,66
1.928,50
1.932,25
1.936,00
1.939,83
1.943,58
1.947,33
1.951,16
1.954,91
1.958,66
1.962,50
1.966,25
1.970,08
1.973,83
1.977,58
1.981,41
1.985,16
1.988,91
1.992,75
1.996,50
2.000,25
2.004,08
2.007,83
2.011,66
2.015,41
2.019,16
2.023,00
2.026,75
2.030,50
2.034,33
2.038,08
2.041,83
2.045,66
2.049,41
2.053,16
2.057,00
2.060,75
2.064,58
2.068,33
2.072,08
2.075,91
2.079,66
2.083,41
2.087,25
2.091,00
2.094,75
2.098,58
2.102,33
2.106,16

1.358,33
1.361,33
1.364,33
1.367,16
1.370,16
1.373,16
1.376,16
1.379,16
1.382,00
1.385,00
1.388,00
1.391,00
1.394,00
1.397,00
1.399,83
1.402,83
1.405,83
1.408,83
1.411,83
1.414,83
1.417,83
1.420,83
1.423,83
1.426,83
1.429,83
1.432,83
1.435,83
1.438,83
1.441,83
1.444,83
1.447,83
1.450,83
1.453,83
1.456,83
1.459,83
1.462,83
1.465,83
1.468,83
1.472,00
1.475,00
1.478,00
1.481,00
1.484,00
1.487,00
1.490,16
1.493,16
1.496,16
1.499,16
1.502,16
1.505,33

2.634,08
2.637,91
2.641,66
2.645,41
2.649,25
2.653,00
2.656,75
2.660,58
2.664,33
2.668,08
2.671,91
2.675,66
2.679,50
2.683,25
2.687,00
2.690,83
2.694,58
2.698,33
2.702,16
2.705,91
2.709,66
2.713,50
2.717,25
2.721,00
2.724,83
2.728,58
2.732,41
2.736,16
2.739,91
2.743,75
2.747,50
2.751,25
2.755,08
2.758,83
2.762,58
2.766,41
2.770,16
2.774,00
2.777,75
2.781,50
2.785,33
2.789,08
2.792,83
2.796,66
2.800,41
2.804,16
2.808,00
2.811,75
2.815,50
2.819,33

2.678,41
2.682,16
2.686,00
2.689,75
2.693,50
2.697,33
2.701,08
2.704,83
2.708,66
2.712,41
2.716,25
2.720,00
2.723,75
2.727,58
2.731,33
2.735,08
2.738,91
2.742,66
2.746,41
2.750,25
2.754,00
2.757,75
2.761,58
2.765,33
2.769,16
2.772,91
2.776,66
2.780,50
2.784,25
2.788,00
2.791,83
2.795,58
2.799,33
2.803,16
2.806,91
2.810,75
2.814,50
2.818,25
2.822,08
2.825,83
2.829,58
2.833,41
2.837,16
2.840,91
2.844,75
2.848,50
2.852,25
2.856,08
2.859,83
2.863,66

Lohnsteuer in Steuerklasse

2 (8)		

S12b-01(01)-03(6).indd 10

Lohnsteuer in Steuerklasse

Mai 2025

07.04.2025 07:25:33

Monatslohnsteuer

12 b

Besondere Monatslohnsteuertabelle 2025 (in Auszügen)

II. Besondere Monatslohnsteuertabelle 2025

1
b

Die vom Arbeitgeber einbehaltene Lohnsteuer kann von den in dieser Tabelle ausgewiesenen Werten abweichen. Für eine centgenaue Berechnung benutzen Sie bitte
unseren Gehaltsrechner im Internet unter www.steuertipps.de. Er rechnet Ihnen
für jeden Bruttoarbeitslohn die exakte Monatslohnsteuer und die eventuell einbehaltene Kirchensteuer sowie bei hohem Gehalt den Soli aus.
Der Tabelle liegt der geänderte amtliche Programmablaufplan für den Lohnsteuerabzug 2025 vom 22.1.2025 (BStBl. 2025 I S. 313) zugrunde.
Lohn/
Gehalt
bei €

I/IV

II

III

V

VI

Lohn/
Gehalt
bei €

I/IV

II

III

V

VI

401,99
410,99
419,99
428,99
437,99
446,99
455,99
464,99
473,99
482,99
491,99
500,99
509,99
518,99
527,99
536,99
545,99
554,99
563,99
572,99
581,99
590,99
599,99
608,99
617,99
626,99
635,99
644,99
653,99
662,99
671,99
680,99
689,99
698,99
707,99
716,99
725,99
734,99
743,99
752,99
761,99
770,99
779,99
788,99
797,99

0,00
0,00
0,00
0,00
0,00
0,00
0,00
0,00
0,00
0,00
0,00
0,00
0,00
0,00
0,00
0,00
0,00
0,00
0,00
0,00
0,00
0,00
0,00
0,00
0,00
0,00
0,00
0,00
0,00
0,00
0,00
0,00
0,00
0,00
0,00
0,00
0,00
0,00
0,00
0,00
0,00
0,00
0,00
0,00
0,00

0,00
0,00
0,00
0,00
0,00
0,00
0,00
0,00
0,00
0,00
0,00
0,00
0,00
0,00
0,00
0,00
0,00
0,00
0,00
0,00
0,00
0,00
0,00
0,00
0,00
0,00
0,00
0,00
0,00
0,00
0,00
0,00
0,00
0,00
0,00
0,00
0,00
0,00
0,00
0,00
0,00
0,00
0,00
0,00
0,00

0,00
0,00
0,00
0,00
0,00
0,00
0,00
0,00
0,00
0,00
0,00
0,00
0,00
0,00
0,00
0,00
0,00
0,00
0,00
0,00
0,00
0,00
0,00
0,00
0,00
0,00
0,00
0,00
0,00
0,00
0,00
0,00
0,00
0,00
0,00
0,00
0,00
0,00
0,00
0,00
0,00
0,00
0,00
0,00
0,00

34,66
35,83
36,91
38,00
39,16
40,25
41,33
42,50
43,58
44,66
45,75
46,91
48,00
49,08
50,25
51,33
52,41
53,58
54,66
55,75
56,83
58,00
59,08
60,16
61,33
62,41
63,50
64,66
65,75
66,83
68,00
69,08
70,16
71,25
72,41
73,50
74,58
75,75
76,83
77,91
79,08
80,16
81,25
82,33
83,50

49,50
50,58
51,66
52,83
53,91
55,00
56,08
57,25
58,33
59,41
60,58
61,66
62,75
63,91
65,00
66,08
67,16
68,33
69,41
70,50
71,66
72,75
73,83
75,00
76,08
77,16
78,33
79,41
80,50
81,66
82,75
83,83
84,91
86,08
87,16
88,25
89,41
90,50
91,58
92,75
93,83
94,91
96,00
97,16
98,25

806,99
815,99
824,99
833,99
842,99
851,99
860,99
869,99
878,99
887,99
896,99
905,99
914,99
923,99
932,99
941,99
950,99
959,99
968,99
977,99
986,99
995,99
1.004,99
1.013,99
1.022,99
1.031,99
1.040,99
1.049,99
1.058,99
1.067,99
1.076,99
1.085,99
1.094,99
1.103,99
1.112,99
1.121,99
1.130,99
1.139,99
1.148,99
1.157,99
1.166,99
1.175,99
1.184,99
1.193,99
1.202,99

0,00
0,00
0,00
0,00
0,00
0,00
0,00
0,00
0,00
0,00
0,00
0,00
0,00
0,00
0,00
0,00
0,00
0,00
0,00
0,00
0,00
0,00
0,00
0,00
0,00
0,00
0,00
0,00
0,00
0,00
0,00
0,00
0,00
0,00
0,00
0,00
0,00
0,00
0,00
0,00
0,00
0,00
0,00
0,00
0,00

0,00
0,00
0,00
0,00
0,00
0,00
0,00
0,00
0,00
0,00
0,00
0,00
0,00
0,00
0,00
0,00
0,00
0,00
0,00
0,00
0,00
0,00
0,00
0,00
0,00
0,00
0,00
0,00
0,00
0,00
0,00
0,00
0,00
0,00
0,00
0,00
0,00
0,00
0,00
0,00
0,00
0,00
0,00
0,00
0,00

0,00
0,00
0,00
0,00
0,00
0,00
0,00
0,00
0,00
0,00
0,00
0,00
0,00
0,00
0,00
0,00
0,00
0,00
0,00
0,00
0,00
0,00
0,00
0,00
0,00
0,00
0,00
0,00
0,00
0,00
0,00
0,00
0,00
0,00
0,00
0,00
0,00
0,00
0,00
0,00
0,00
0,00
0,00
0,00
0,00

84,58
85,66
86,83
87,91
89,00
90,16
91,25
92,33
93,50
94,58
95,66
96,83
97,91
99,00
100,08
101,25
102,33
103,41
104,58
105,66
106,75
107,91
109,00
110,08
111,16
112,33
113,41
114,50
115,66
116,75
117,83
119,00
120,08
121,16
122,33
123,41
124,50
125,58
126,75
127,83
128,91
130,08
131,16
132,25
133,41

99,33
100,50
101,58
102,66
103,83
104,91
106,00
107,16
108,25
109,33
110,41
111,58
112,66
113,75
114,91
116,00
117,08
118,25
119,33
120,41
121,50
122,66
123,75
124,83
126,00
127,08
128,16
129,33
130,41
131,50
132,66
133,75
134,83
135,91
137,08
138,16
139,25
140,41
141,50
142,58
143,75
144,83
145,91
147,00
148,16

Lohnsteuer in Steuerklasse

Lohnsteuer in Steuerklasse

Mai 2025		
3 (1)

S12b-01(01)-03(6).indd 11

07.04.2025 07:25:34

-

Monatslohnsteuer

12 b Besondere Monatslohnsteuertabelle 2025 (in Auszügen)
Lohn/
Gehalt
bei €

I/IV

II

III

V

VI

Lohn/
Gehalt
bei €

I/IV

II

III

V

VI

1.211,99
1.220,99
1.229,99
1.238,99
1.247,99
1.256,99
1.265,99
1.274,99
1.283,99
1.292,99
1.301,99
1.310,99
1.319,99
1.328,99
1.337,99
1.346,99
1.355,99
1.364,99
1.373,99
1.382,99
1.391,99
1.400,99
1.409,99
1.418,99
1.427,99
1.436,99
1.445,99
1.454,99
1.463,99
1.472,99
1.481,99
1.490,99
1.499,99
1.508,99
1.517,99
1.526,99
1.535,99
1.544,99
1.553,99
1.562,99
1.571,99
1.580,99
1.589,99
1.598,99
1.607,99
1.616,99
1.625,99
1.634,99
1.643,99
1.652,99
1.661,99
1.670,99
1.679,99
1.688,99
1.697,99
1.706,99
1.715,99
1.724,99
1.733,99
1.742,99
1.751,99
1.760,99
1.769,99
1.778,99
1.787,99

0,00
0,00
0,00
0,00
0,00
0,00
0,00
1,16
2,25
3,41
4,58
5,75
6,91
8,33
9,66
11,08
12,50
14,00
15,41
16,91
18,41
19,91
21,41
23,00
24,50
26,08
27,75
29,33
31,00
32,66
34,33
36,00
37,75
39,41
41,16
42,91
44,75
46,50
48,33
50,16
52,08
53,91
55,83
57,75
59,66
61,58
63,58
65,50
67,50
69,58
71,58
73,66
75,75
77,83
79,91
82,08
84,16
86,33
88,50
90,66
92,83
95,00
97,16
99,33
101,58

0,00
0,00
0,00
0,00
0,00
0,00
0,00
0,00
0,00
0,00
0,00
0,00
0,00
0,00
0,00
0,00
0,00
0,00
0,00
0,00
0,00
0,00
0,00
0,00
0,00
0,00
0,00
0,00
0,00
0,00
0,00
0,00
0,00
0,00
0,00
0,00
0,00
0,00
0,00
0,00
0,00
0,00
0,00
0,00
0,00
0,00
0,00
1,08
2,41
3,66
5,00
6,33
7,66
9,08
10,50
11,91
13,33
14,75
16,25
17,75
19,25
20,75
22,25
23,83
25,41

0,00
0,00
0,00
0,00
0,00
0,00
0,00
0,00
0,00
0,00
0,00
0,00
0,00
0,00
0,00
0,00
0,00
0,00
0,00
0,00
0,00
0,00
0,00
0,00
0,00
0,00
0,00
0,00
0,00
0,00
0,00
0,00
0,00
0,00
0,00
0,00
0,00
0,00
0,00
0,00
0,00
0,00
0,00
0,00
0,00
0,00
0,00
0,00
0,00
0,00
0,00
0,00
0,00
0,00
0,00
0,00
0,00
0,00
0,00
0,00
0,00
0,00
0,00
0,00
0,00

134,50
135,58
136,66
137,83
138,91
140,00
141,16
142,25
143,33
144,50
145,58
146,66
147,83
149,08
150,33
151,58
152,83
154,08
155,33
156,66
157,91
159,16
160,41
163,33
167,16
170,91
174,75
178,50
182,25
186,08
189,83
193,58
197,41
201,16
204,91
208,75
212,50
216,25
220,08
223,83
227,66
231,41
235,16
239,00
242,75
246,50
250,33
254,08
257,83
261,66
265,41
269,25
273,00
276,75
280,58
284,33
288,08
291,91
295,66
299,41
303,25
307,00
310,75
314,58
318,33

149,25
150,33
151,50
152,58
153,66
154,83
155,91
157,00
158,16
159,25
160,33
162,75
166,08
169,91
173,66
177,41
181,25
185,00
188,75
192,58
196,33
200,08
203,91
207,66
211,50
215,25
219,00
222,83
226,58
230,33
234,16
237,91
241,66
245,50
249,25
253,00
256,83
260,58
264,41
268,16
271,91
275,75
279,50
283,25
287,08
290,83
294,58
298,41
302,16
306,00
309,75
313,50
317,33
321,08
324,83
328,66
332,41
336,16
340,00
343,75
347,50
351,33
355,08
358,91
362,66

1.796,99
1.805,99
1.814,99
1.823,99
1.832,99
1.841,99
1.850,99
1.859,99
1.868,99
1.877,99
1.886,99
1.895,99
1.904,99
1.913,99
1.922,99
1.931,99
1.940,99
1.949,99
1.958,99
1.967,99
1.976,99
1.985,99
1.994,99
2.003,99
2.012,99
2.021,99
2.030,99
2.039,99
2.048,99
2.057,99
2.066,99
2.075,99
2.084,99
2.093,99
2.102,99
2.111,99
2.120,99
2.129,99
2.138,99
2.147,99
2.156,99
2.165,99
2.174,99
2.183,99
2.192,99
2.201,99
2.210,99
2.219,99
2.228,99
2.237,99
2.246,99
2.255,99
2.264,99
2.273,99
2.282,99
2.291,99
2.300,99
2.309,99
2.318,99
2.327,99
2.336,99
2.345,99
2.354,99
2.363,99
2.372,99

103,75
105,91
108,08
110,33
112,50
114,75
116,91
119,16
121,33
123,58
125,75
128,00
130,25
132,50
134,66
136,91
139,16
141,41
143,66
145,91
148,16
150,41
152,66
155,00
157,25
159,50
161,75
164,08
166,33
168,66
170,91
173,25
175,50
177,83
180,08
182,41
184,75
187,00
189,33
191,66
194,00
196,33
198,66
201,00
203,33
205,66
208,00
210,33
212,66
215,08
217,41
219,75
222,16
224,50
226,91
229,25
231,66
234,00
236,41
238,75
241,16
243,58
246,00
248,41
250,75

27,00
28,58
30,25
31,91
33,58
35,25
36,91
38,66
40,41
42,16
43,91
45,75
47,50
49,33
51,25
53,08
55,00
56,83
58,75
60,75
62,66
64,66
66,66
68,66
70,66
72,75
74,83
76,91
79,00
81,08
83,25
85,41
87,58
89,75
91,91
94,08
96,25
98,41
100,58
102,75
105,00
107,16
109,33
111,58
113,75
115,91
118,16
120,33
122,58
124,83
127,00
129,25
131,50
133,75
135,91
138,16
140,41
142,66
144,91
147,16
149,41
151,66
154,00
156,25
158,50

0,00
0,00
0,00
0,00
0,00
0,00
0,00
0,00
0,00
0,00
0,00
0,00
0,00
0,00
0,00
0,00
0,00
0,00
0,00
0,00
0,00
0,00
0,00
0,00
0,00
0,00
0,00
0,00
0,00
0,00
0,00
0,00
0,00
0,00
0,00
0,00
0,00
0,00
0,00
0,00
0,00
0,00
0,00
0,00
0,00
0,00
0,00
0,00
0,00
0,00
0,00
0,00
0,00
0,00
0,00
0,00
0,00
0,00
0,00
0,00
0,00
0,00
0,00
0,00
0,16

322,16
325,91
329,66
333,50
337,25
341,00
344,83
348,58
352,33
356,16
359,91
363,75
367,50
371,25
375,08
378,83
382,58
386,41
390,16
393,91
397,75
401,50
405,25
409,08
412,83
416,66
420,41
424,16
428,00
431,75
435,50
439,33
443,08
446,83
450,66
454,41
458,25
462,00
465,75
469,58
473,33
477,08
480,91
484,66
488,41
492,25
496,00
499,75
503,58
507,33
511,16
514,91
518,66
522,50
526,25
530,00
533,83
537,58
541,33
545,16
548,91
552,75
556,50
560,25
564,08

366,41
370,25
374,00
377,75
381,58
385,33
389,08
392,91
396,66
400,50
404,25
408,00
411,83
415,58
419,33
423,16
426,91
430,66
434,50
438,25
442,00
445,83
449,58
453,41
457,16
460,91
464,75
468,50
472,25
476,08
479,83
483,58
487,41
491,16
495,00
498,75
502,50
506,33
510,08
513,83
517,66
521,41
525,16
529,00
532,75
536,50
540,33
544,08
547,91
551,66
555,41
559,25
563,00
566,50
569,66
572,83
576,16
579,33
582,66
585,83
589,16
592,33
595,66
599,00
602,33

Lohnsteuer in Steuerklasse

3 (2)		

S12b-01(01)-03(6).indd 12

Lohnsteuer in Steuerklasse

Mai 2025

07.04.2025 07:25:34

Monatslohnsteuer

12 b

Besondere Monatslohnsteuertabelle 2025 (in Auszügen)

Lohn/
Gehalt
bei €

I/IV

II

III

V

VI

Lohn/
Gehalt
bei €

I/IV

II

III

V

VI

2.381,99
2.390,99
2.399,99
2.408,99
2.417,99
2.426,99
2.435,99
2.444,99
2.453,99
2.462,99
2.471,99
2.480,99
2.489,99
2.498,99
2.507,99
2.516,99
2.525,99
2.534,99
2.543,99
2.552,99
2.561,99
2.570,99
2.579,99
2.588,99
2.597,99
2.606,99
2.615,99
2.624,99
2.633,99
2.642,99
2.651,99
2.660,99
2.669,99
2.678,99
2.687,99
2.696,99
2.705,99
2.714,99
2.723,99
2.732,99
2.741,99
2.750,99
2.759,99
2.768,99
2.777,99
2.786,99
2.795,99
2.804,99
2.813,99
2.822,99
2.831,99
2.840,99
2.849,99
2.858,99
2.867,99
2.876,99
2.885,99
2.894,99
2.903,99
2.912,99
2.921,99
2.930,99
2.939,99
2.948,99
2.957,99

253,16
255,58
258,00
260,41
262,83
265,25
267,75
270,16
272,58
275,00
277,50
279,91
282,33
284,83
287,25
289,75
292,16
294,66
297,16
299,58
302,08
304,58
307,08
309,58
312,08
314,50
317,00
319,50
322,08
324,58
327,08
329,58
332,08
334,58
337,16
339,66
342,16
344,75
347,25
349,83
352,33
354,91
357,50
360,00
362,58
365,16
367,75
370,33
372,83
375,41
378,00
380,58
383,16
385,75
388,41
391,00
393,58
396,16
398,83
401,41
404,00
406,66
409,25
411,91
414,50

160,75
163,08
165,33
167,58
169,91
172,16
174,50
176,75
179,08
181,41
183,66
186,00
188,33
190,66
193,00
195,25
197,58
199,91
202,25
204,58
207,00
209,33
211,66
214,00
216,33
218,75
221,08
223,41
225,83
228,16
230,58
232,91
235,33
237,75
240,08
242,50
244,91
247,33
249,75
252,08
254,50
256,91
259,33
261,75
264,25
266,66
269,08
271,50
273,91
276,41
278,83
281,25
283,75
286,16
288,66
291,08
293,58
296,08
298,50
301,00
303,50
305,91
308,41
310,91
313,41

1,33
2,66
4,00
5,16
6,50
7,83
9,16
10,50
11,83
13,16
14,50
15,83
17,33
18,66
20,00
21,50
22,83
24,33
25,66
27,16
28,66
30,00
31,50
33,00
34,50
36,00
37,50
39,00
40,50
42,00
43,50
45,16
46,66
48,16
49,83
51,33
53,00
54,50
56,16
57,83
59,50
61,00
62,66
64,33
66,00
67,66
69,33
71,16
72,83
74,50
76,16
78,00
79,66
81,50
83,16
85,00
86,66
88,50
90,33
92,16
93,83
95,66
97,50
99,33
101,16

567,33
570,66
573,83
577,16
580,33
583,66
586,83
590,16
593,33
596,66
600,00
603,16
606,50
609,83
613,16
616,50
619,66
623,00
626,50
629,83
633,00
636,50
640,00
643,16
646,66
650,00
653,50
656,66
660,16
663,50
667,16
670,50
673,83
677,33
680,83
684,33
687,66
691,16
694,66
698,16
701,66
705,16
708,66
712,16
715,66
719,16
722,83
726,33
729,83
733,50
737,00
740,33
744,00
747,50
751,16
754,83
758,50
762,00
765,66
769,16
772,83
776,50
780,00
783,83
787,50

605,66
609,00
612,33
615,50
618,83
622,16
625,50
628,83
632,16
635,66
638,83
642,33
645,66
649,00
652,33
655,83
659,16
662,66
666,00
669,50
672,83
676,50
679,83
683,16
686,83
690,16
693,66
697,16
700,66
704,16
707,66
711,16
714,66
718,16
721,66
725,16
728,66
732,33
735,83
739,50
743,00
746,66
750,16
753,83
757,50
761,00
764,50
768,16
771,83
775,50
779,00
782,83
786,50
790,00
793,83
797,50
801,16
804,83
808,50
812,33
815,83
819,66
823,33
827,00
830,83

2.966,99
2.975,99
2.984,99
2.993,99
3.002,99
3.011,99
3.020,99
3.029,99
3.038,99
3.047,99
3.056,99
3.065,99
3.074,99
3.083,99
3.092,99
3.101,99
3.110,99
3.119,99
3.128,99
3.137,99
3.146,99
3.155,99
3.164,99
3.173,99
3.182,99
3.191,99
3.200,99
3.209,99
3.218,99
3.227,99
3.236,99
3.245,99
3.254,99
3.263,99
3.272,99
3.281,99
3.290,99
3.299,99
3.308,99
3.317,99
3.326,99
3.335,99
3.344,99
3.353,99
3.362,99
3.371,99
3.380,99
3.389,99
3.398,99
3.407,99
3.416,99
3.425,99
3.434,99
3.443,99
3.452,99
3.461,99
3.470,99
3.479,99
3.488,99
3.497,99
3.506,99
3.515,99
3.524,99
3.533,99
3.542,99

417,16
419,75
422,41
425,08
427,75
430,33
433,00
435,66
438,33
441,00
443,66
446,33
449,00
451,66
454,33
457,08
459,75
462,41
465,08
467,83
470,50
473,25
475,91
478,66
481,33
484,08
486,83
489,50
492,25
495,00
497,75
500,41
503,16
505,91
508,66
511,41
514,16
517,00
519,75
522,50
525,25
528,00
530,83
533,58
536,33
539,16
541,91
544,75
547,50
550,33
553,16
555,91
558,75
561,58
564,41
567,25
570,00
572,83
575,66
578,50
581,33
584,25
587,08
589,91
592,75

315,91
318,41
320,91
323,41
325,91
328,50
331,00
333,50
336,00
338,58
341,08
343,58
346,16
348,66
351,25
353,75
356,33
358,91
361,41
364,00
366,58
369,16
371,75
374,33
376,91
379,50
382,08
384,66
387,25
389,83
392,41
395,00
397,66
400,25
402,83
405,50
408,08
410,75
413,33
416,00
418,58
421,25
423,91
426,50
429,16
431,83
434,50
437,16
439,83
442,50
445,16
447,83
450,50
453,16
455,83
458,50
461,25
463,91
466,58
469,33
472,00
474,75
477,41
480,16
482,83

103,16
105,00
106,83
108,66
110,66
112,50
114,33
116,33
118,33
120,16
122,16
124,16
126,00
128,00
130,00
132,00
134,00
136,00
138,00
140,00
142,16
144,16
146,16
148,33
150,33
152,33
154,50
156,66
158,66
160,83
163,00
165,16
167,16
169,33
171,50
173,66
175,83
178,00
180,16
182,33
184,50
186,66
188,83
191,00
193,16
195,33
197,50
199,83
202,00
204,16
206,33
208,50
210,66
212,83
215,00
217,33
219,50
221,66
223,83
226,00
228,33
230,50
232,66
234,83
237,16

791,00
794,83
798,50
802,16
805,83
809,50
813,33
817,00
820,66
824,33
828,00
831,83
835,50
839,33
843,16
846,83
850,66
854,25
858,08
861,83
865,58
869,41
873,16
877,00
880,75
884,50
888,33
892,08
895,83
899,66
903,41
907,16
911,00
914,75
918,50
922,33
926,08
929,91
933,66
937,41
941,25
945,00
948,75
952,58
956,33
960,08
963,91
967,66
971,50
975,25
979,00
982,83
986,58
990,33
994,16
997,91
1.001,66
1.005,50
1.009,25
1.013,00
1.016,83
1.020,58
1.024,41
1.028,16
1.031,91

834,50
838,16
842,16
845,83
849,50
853,25
857,00
860,75
864,58
868,33
872,16
875,91
879,66
883,50
887,25
891,00
894,83
898,58
902,33
906,16
909,91
913,75
917,50
921,25
925,08
928,83
932,58
936,41
940,16
943,91
947,75
951,50
955,25
959,08
962,83
966,66
970,41
974,16
978,00
981,75
985,50
989,33
993,08
996,83
1.000,66
1.004,41
1.008,25
1.012,00
1.015,75
1.019,58
1.023,33
1.027,08
1.030,91
1.034,66
1.038,41
1.042,25
1.046,00
1.049,75
1.053,58
1.057,33
1.061,16
1.064,91
1.068,66
1.072,50
1.076,25

Lohnsteuer in Steuerklasse

Lohnsteuer in Steuerklasse

1
b

Mai 2025		
3 (3)

S12b-01(01)-03(6).indd 13

07.04.2025 07:25:35

-

Monatslohnsteuer

12 b Besondere Monatslohnsteuertabelle 2025 (in Auszügen)
Lohn/
Gehalt
bei €

I/IV

II

III

V

VI

Lohn/
Gehalt
bei €

I/IV

II

III

V

VI

3.551,99
3.560,99
3.569,99
3.578,99
3.587,99
3.596,99
3.605,99
3.614,99
3.623,99
3.632,99
3.641,99
3.650,99
3.659,99
3.668,99
3.677,99
3.686,99
3.695,99
3.704,99
3.713,99
3.722,99
3.731,99
3.740,99
3.749,99
3.758,99
3.767,99
3.776,99
3.785,99
3.794,99
3.803,99
3.812,99
3.821,99
3.830,99
3.839,99
3.848,99
3.857,99
3.866,99
3.875,99
3.884,99
3.893,99
3.902,99
3.911,99
3.920,99
3.929,99
3.938,99
3.947,99
3.956,99
3.965,99
3.974,99
3.983,99
3.992,99
4.001,99
4.010,99
4.019,99
4.028,99
4.037,99
4.046,99
4.055,99
4.064,99
4.073,99
4.082,99
4.091,99
4.100,99
4.109,99
4.118,99
4.127,99

595,58
598,50
601,33
604,16
607,08
609,91
612,83
615,66
618,58
621,50
624,33
627,25
630,16
633,08
635,91
638,83
641,75
644,66
647,58
650,50
653,41
656,41
659,33
662,25
665,16
668,08
671,08
674,00
677,00
679,91
682,91
685,83
688,83
691,75
694,75
697,75
700,66
703,66
706,66
709,66
712,66
715,66
718,66
721,66
724,66
727,66
730,66
733,66
736,75
739,75
742,75
745,83
748,83
751,83
754,91
758,00
761,00
764,08
767,08
770,16
773,25
776,33
779,83
782,41
785,50

485,58
488,33
491,00
493,75
496,50
499,25
502,00
504,75
507,50
510,25
513,00
515,75
518,50
521,25
524,00
526,83
529,58
532,33
535,16
537,91
540,75
543,50
546,33
549,08
551,91
554,66
557,50
560,33
563,16
566,00
568,75
571,58
574,41
577,25
580,08
582,91
585,83
588,66
591,50
594,33
597,16
600,08
602,91
605,83
608,66
611,58
614,41
617,33
620,16
623,08
626,00
628,83
631,75
634,66
637,58
640,50
643,41
646,33
649,25
652,16
655,08
658,00
660,91
663,83
666,83

239,33
241,50
243,66
246,00
248,16
250,33
252,66
254,83
257,00
259,33
261,50
263,66
266,00
268,16
270,50
272,66
275,00
277,16
279,33
281,66
283,83
286,16
288,33
290,66
292,83
295,16
297,33
299,66
302,00
304,16
306,50
308,66
311,00
313,33
315,50
317,83
320,00
322,33
324,66
326,83
329,16
331,50
333,66
336,00
338,33
340,66
342,83
345,16
347,50
349,83
352,00
354,33
356,66
359,00
361,33
363,66
365,83
368,16
370,50
372,83
375,16
377,50
379,83
382,16
384,50

1.035,75
1.039,50
1.043,25
1.047,08
1.050,83
1.054,58
1.058,41
1.062,16
1.066,00
1.069,75
1.073,50
1.077,33
1.081,08
1.084,83
1.088,66
1.092,41
1.096,16
1.100,00
1.103,75
1.107,50
1.111,33
1.115,08
1.118,91
1.122,66
1.126,41
1.130,25
1.134,00
1.137,75
1.141,58
1.145,33
1.149,08
1.152,91
1.156,66
1.160,50
1.164,25
1.168,00
1.171,83
1.175,58
1.179,33
1.183,16
1.186,91
1.190,66
1.194,50
1.198,25
1.202,00
1.205,83
1.209,58
1.213,41
1.217,16
1.220,91
1.224,75
1.228,50
1.232,25
1.236,08
1.239,83
1.243,58
1.247,41
1.251,16
1.255,00
1.258,75
1.262,50
1.266,33
1.270,08
1.273,83
1.277,66

1.080,00
1.083,83
1.087,58
1.091,33
1.095,16
1.098,91
1.102,75
1.106,50
1.110,25
1.114,08
1.117,83
1.121,58
1.125,41
1.129,16
1.132,91
1.136,75
1.140,50
1.144,25
1.148,08
1.151,83
1.155,66
1.159,41
1.163,16
1.167,00
1.170,75
1.174,50
1.178,33
1.182,08
1.185,83
1.189,66
1.193,41
1.197,25
1.201,00
1.204,75
1.208,58
1.212,33
1.216,08
1.219,91
1.223,66
1.227,41
1.231,25
1.235,00
1.238,75
1.242,58
1.246,33
1.250,16
1.253,91
1.257,66
1.261,50
1.265,25
1.269,00
1.272,83
1.276,58
1.280,33
1.284,16
1.287,91
1.291,75
1.295,50
1.299,25
1.303,08
1.306,83
1.310,58
1.314,41
1.318,16
1.321,91

4.136,99
4.145,99
4.154,99
4.163,99
4.172,99
4.181,99
4.190,99
4.199,99
4.208,99
4.217,99
4.226,99
4.235,99
4.244,99
4.253,99
4.262,99
4.271,99
4.280,99
4.289,99
4.298,99
4.307,99
4.316,99
4.325,99
4.334,99
4.343,99
4.352,99
4.361,99
4.370,99
4.379,99
4.388,99
4.397,99
4.406,99
4.415,99
4.424,99
4.433,99
4.442,99
4.451,99
4.460,99
4.469,99
4.478,99
4.487,99
4.496,99
4.505,99
4.514,99
4.523,99
4.532,99
4.541,99
4.550,99
4.559,99
4.568,99
4.577,99
4.586,99
4.595,99
4.604,99
4.613,99
4.622,99
4.631,99
4.640,99
4.649,99
4.658,99
4.667,99
4.676,99
4.685,99
4.694,99
4.703,99
4.712,99

788,58
791,66
794,75
797,83
800,91
804,00
807,16
810,25
813,33
816,41
819,58
822,66
825,83
828,91
832,08
835,16
838,33
841,41
844,58
847,75
850,91
854,00
857,16
860,33
863,50
866,66
869,83
873,00
876,16
879,33
882,58
885,75
888,91
892,08
895,33
898,50
901,75
904,91
908,16
911,83
914,58
917,75
921,00
924,25
927,41
930,66
933,91
937,16
940,41
943,66
946,91
950,16
953,41
956,66
959,91
963,25
966,50
969,75
973,00
976,33
979,58
982,91
986,16
989,50
992,75

669,75
672,66
675,66
678,58
681,58
684,50
687,50
690,41
693,41
696,41
699,41
702,33
705,33
708,33
711,33
714,33
717,33
720,33
723,33
726,33
729,33
732,33
735,41
738,41
741,41
744,41
747,50
750,50
753,58
756,58
759,66
762,66
765,75
768,83
771,83
774,91
778,00
781,08
784,16
787,25
790,33
793,41
796,50
799,58
802,66
805,75
808,83
812,00
815,08
818,16
821,33
824,41
827,50
830,66
833,83
836,91
840,08
843,16
846,33
849,50
852,66
855,75
858,91
862,08
865,25

386,66
389,00
391,33
393,66
396,00
398,33
400,66
403,00
405,33
407,66
410,00
412,33
414,83
417,16
419,50
421,83
424,16
426,50
428,83
431,16
433,50
436,00
438,33
440,66
443,00
445,33
447,66
450,16
452,50
454,83
457,16
459,66
462,00
464,33
466,83
469,16
471,50
473,83
476,33
478,66
481,00
483,50
485,83
488,33
490,66
493,00
495,50
497,83
500,33
502,66
505,16
507,50
509,83
512,33
514,66
517,16
519,50
522,00
524,50
526,83
529,33
531,66
534,16
536,50
539,00

1.281,41
1.285,16
1.289,00
1.292,75
1.296,50
1.300,33
1.304,08
1.307,91
1.311,66
1.315,41
1.319,25
1.323,00
1.326,75
1.330,58
1.334,33
1.338,08
1.341,91
1.345,66
1.349,50
1.353,25
1.357,00
1.360,83
1.364,58
1.368,33
1.372,16
1.375,91
1.379,66
1.383,50
1.387,25
1.391,00
1.394,83
1.398,58
1.402,41
1.406,16
1.409,91
1.413,75
1.417,50
1.421,25
1.425,08
1.428,83
1.432,58
1.436,41
1.440,16
1.444,00
1.447,75
1.451,50
1.455,33
1.459,08
1.462,83
1.466,66
1.470,41
1.474,16
1.478,00
1.481,75
1.485,50
1.489,33
1.493,08
1.496,91
1.500,66
1.504,41
1.508,25
1.512,00
1.515,75
1.519,58
1.523,33

1.325,75
1.329,50
1.333,25
1.337,08
1.340,83
1.344,66
1.348,41
1.352,16
1.356,00
1.359,75
1.363,50
1.367,33
1.371,08
1.374,83
1.378,66
1.382,41
1.386,25
1.390,00
1.393,75
1.397,58
1.401,33
1.405,08
1.408,91
1.412,66
1.416,41
1.420,25
1.424,00
1.427,75
1.431,58
1.435,33
1.439,16
1.442,91
1.446,66
1.450,50
1.454,25
1.458,00
1.461,83
1.465,58
1.469,33
1.473,16
1.476,91
1.480,75
1.484,50
1.488,25
1.492,08
1.495,83
1.499,58
1.503,41
1.507,16
1.510,91
1.514,75
1.518,50
1.522,25
1.526,08
1.529,83
1.533,66
1.537,41
1.541,16
1.545,00
1.548,75
1.552,50
1.556,33
1.560,08
1.563,83
1.567,66

Lohnsteuer in Steuerklasse

3 (4)		

S12b-01(01)-03(6).indd 14

Lohnsteuer in Steuerklasse

Mai 2025

07.04.2025 07:25:35

Monatslohnsteuer

12 b

Besondere Monatslohnsteuertabelle 2025 (in Auszügen)

Lohn/
Gehalt
bei €
4.721,99
4.730,99
4.739,99
4.748,99
4.757,99
4.766,99
4.775,99
4.784,99
4.793,99
4.802,99
4.811,99
4.820,99
4.829,99
4.838,99
4.847,99
4.856,99
4.865,99
4.874,99
4.883,99
4.892,99
4.901,99
4.910,99
4.919,99
4.928,99
4.937,99
4.946,99
4.955,99
4.964,99
4.973,99
4.982,99
4.991,99
5.000,99
5.009,99
5.018,99
5.027,99
5.036,99
5.045,99
5.054,99
5.063,99
5.072,99
5.081,99
5.090,99
5.099,99
5.108,99
5.117,99
5.126,99
5.135,99
5.144,99
5.153,99
5.162,99
5.171,99
5.180,99
5.189,99
5.198,99
5.207,99
5.216,99
5.225,99
5.234,99
5.243,99
5.252,99
5.261,99
5.270,99
5.279,99
5.288,99
5.297,99

III

V

VI

Lohn/
Gehalt
bei €

541,50
543,83
546,33
548,66
551,16
553,66
556,00
558,50
561,00
563,50
565,83
568,33
570,83
573,16
575,66
578,16
580,66
583,16
585,50
588,00
590,50
593,00
595,50
597,83
600,33
602,83
605,33
607,83
610,33
612,83
615,33
617,83
620,33
622,66
625,16
627,66
630,16
632,66
635,16
637,66
640,16
642,66
645,16
647,83
650,33
652,83
655,33
657,83
660,33
662,83
665,33
667,83
670,33
673,00
675,50
678,00
680,50
683,00
685,66
688,16
690,66
693,16
695,66
698,33
700,83

1.527,08
1.530,91
1.534,66
1.538,50
1.542,25
1.546,00
1.549,83
1.553,58
1.557,33
1.561,16
1.564,91
1.568,66
1.572,50
1.576,25
1.580,00
1.583,83
1.587,58
1.591,41
1.595,16
1.598,91
1.602,75
1.606,50
1.610,25
1.614,08
1.617,83
1.621,58
1.625,41
1.629,16
1.633,00
1.636,75
1.640,50
1.644,33
1.648,08
1.651,83
1.655,66
1.659,41
1.663,16
1.667,00
1.670,75
1.674,50
1.678,33
1.682,08
1.685,91
1.689,66
1.693,41
1.697,25
1.701,00
1.704,75
1.708,58
1.712,33
1.716,08
1.719,91
1.723,66
1.727,50
1.731,25
1.735,00
1.738,83
1.742,58
1.746,33
1.750,16
1.753,91
1.757,66
1.761,50
1.765,25
1.769,00

1.571,41
1.575,25
1.579,00
1.582,75
1.586,58
1.590,33
1.594,08
1.597,91
1.601,66
1.605,41
1.609,25
1.613,00
1.616,75
1.620,58
1.624,33
1.628,16
1.631,91
1.635,66
1.639,50
1.643,25
1.647,00
1.650,83
1.654,58
1.658,33
1.662,16
1.665,91
1.669,75
1.673,50
1.677,25
1.681,08
1.684,83
1.688,58
1.692,41
1.696,16
1.699,91
1.703,75
1.707,50
1.711,25
1.715,08
1.718,83
1.722,66
1.726,41
1.730,16
1.734,00
1.737,75
1.741,50
1.745,33
1.749,08
1.752,83
1.756,66
1.760,41
1.764,25
1.768,00
1.771,75
1.775,58
1.779,33
1.783,08
1.786,91
1.790,66
1.794,41
1.798,25
1.802,00
1.805,75
1.809,58
1.813,33

5.306,99
5.315,99
5.324,99
5.333,99
5.342,99
5.351,99
5.360,99
5.369,99
5.378,99
5.387,99
5.396,99
5.405,99
5.414,99
5.423,99
5.432,99
5.441,99
5.450,99
5.459,99
5.468,99
5.477,99
5.486,99
5.495,99
5.504,99
5.513,99
5.522,99
5.531,99
5.540,99
5.549,99
5.558,99
5.567,99
5.576,99
5.585,99
5.594,99
5.603,99
5.612,99
5.621,99
5.630,99
5.639,99
5.648,99
5.657,99
5.666,99
5.675,99
5.684,99
5.693,99
5.702,99
5.711,99
5.720,99
5.729,99
5.738,99
5.747,99
5.756,99
5.765,99
5.774,99
5.783,99
5.792,99
5.801,99
5.810,99
5.819,99
5.828,99
5.837,99
5.846,99
5.855,99
5.864,99
5.873,99
5.882,99

Lohnsteuer in Steuerklasse
I/IV

II

996,08
868,41
999,41
871,58
1.002,66 874,75
1.006,00 877,91
1.009,33 881,16
1.012,66 884,33
1.016,00 887,50
1.019,25 890,66
1.022,58 893,91
1.025,91 897,08
1.029,25 900,25
1.032,58 903,50
1.036,00 906,66
1.039,33 909,91
1.042,66 913,16
1.046,00 916,33
1.049,33 919,58
1.052,75 922,75
1.056,08 926,00
1.059,50 929,25
1.062,83 932,50
1.066,25 935,75
1.069,58 939,00
1.073,00 942,25
1.076,33 945,50
1.079,75 948,75
1.083,16 952,00
1.086,50 955,25
1.089,91 958,50
1.093,33 961,75
1.096,75 965,00
1.100,16 968,33
1.103,58 971,58
1.107,00 974,83
1.110,41 978,16
1.113,83 981,41
1.117,25 984,75
1.120,66 988,00
1.124,08 991,33
1.127,50 994,58
1.131,00 997,91
1.134,41 1.001,25
1.137,83 1.004,50
1.141,33 1.007,83
1.144,75 1.011,16
1.148,25 1.014,50
1.151,66 1.017,83
1.155,16 1.021,16
1.158,58 1.024,50
1.162,08 1.027,83
1.165,58 1.031,16
1.169,00 1.034,50
1.172,50 1.037,83
1.176,00 1.041,16
1.179,50 1.044,50
1.183,00 1.047,91
1.186,50 1.051,25
1.190,00 1.054,58
1.193,50 1.058,00
1.197,00 1.061,33
1.200,50 1.064,75
1.204,00 1.068,08
1.207,50 1.071,50
1.211,00 1.074,83
1.214,50 1.078,25

Lohnsteuer in Steuerklasse
I/IV

II

1.218,08 1.081,58
1.221,58 1.085,00
1.225,16 1.088,41
1.228,66 1.091,83
1.232,16 1.095,25
1.235,75 1.098,58
1.239,25 1.102,00
1.242,83 1.105,41
1.246,41 1.108,83
1.249,91 1.112,25
1.253,50 1.115,75
1.257,08 1.119,16
1.260,66 1.122,58
1.264,16 1.126,00
1.267,75 1.129,41
1.271,33 1.132,91
1.274,91 1.136,33
1.278,50 1.139,75
1.282,08 1.143,25
1.285,66 1.146,66
1.289,25 1.150,16
1.292,91 1.153,58
1.296,50 1.157,08
1.300,08 1.160,50
1.303,66 1.164,00
1.307,33 1.167,50
1.310,91 1.171,00
1.314,58 1.174,41
1.318,16 1.177,91
1.321,75 1.181,41
1.325,41 1.184,91
1.329,08 1.188,41
1.332,66 1.191,91
1.336,33 1.195,41
1.340,00 1.198,91
1.343,58 1.202,41
1.347,25 1.205,91
1.350,91 1.209,41
1.354,58 1.213,00
1.358,25 1.216,50
1.361,91 1.220,00
1.365,58 1.223,58
1.369,25 1.227,08
1.372,91 1.230,66
1.376,58 1.234,16
1.380,25 1.237,75
1.383,91 1.241,25
1.387,58 1.244,83
1.391,33 1.248,33
1.395,00 1.251,91
1.398,66 1.255,50
1.402,41 1.259,08
1.406,08 1.262,58
1.409,83 1.266,16
1.413,50 1.269,75
1.417,25 1.273,33
1.420,91 1.276,91
1.424,66 1.280,50
1.428,41 1.284,08
1.432,16 1.287,66
1.435,83 1.291,25
1.439,58 1.294,91
1.443,33 1.298,50
1.447,08 1.302,08
1.450,83 1.305,66

III

V

VI

703,33
706,00
708,50
711,00
713,50
716,16
718,66
721,33
723,83
726,33
729,00
731,50
734,00
736,66
739,16
741,83
744,33
747,00
749,50
752,16
754,66
757,16
759,83
762,50
765,00
767,66
770,16
772,83
775,33
778,00
780,50
783,16
785,83
788,33
791,00
793,66
796,16
798,83
801,33
804,00
806,66
809,33
811,83
814,50
817,16
819,66
822,33
825,00
827,66
830,33
832,83
835,50
838,16
840,83
843,50
846,00
848,66
851,33
854,00
856,66
859,33
862,00
864,66
867,33
870,00

1.772,83
1.776,58
1.780,41
1.784,16
1.787,91
1.791,75
1.795,50
1.799,25
1.803,08
1.806,83
1.810,58
1.814,41
1.818,16
1.822,00
1.825,75
1.829,50
1.833,33
1.837,08
1.840,83
1.844,66
1.848,41
1.852,16
1.856,00
1.859,75
1.863,50
1.867,33
1.871,08
1.874,91
1.878,66
1.882,41
1.886,25
1.890,00
1.893,75
1.897,58
1.901,33
1.905,08
1.908,91
1.912,66
1.916,50
1.920,25
1.924,00
1.927,83
1.931,58
1.935,33
1.939,16
1.942,91
1.946,66
1.950,50
1.954,25
1.958,00
1.961,83
1.955,58
1.969,41
1.973,16
1.976,91
1.980,75
1.984,50
1.988,25
1.992,08
1.995,83
1.999,58
2.003,41
2.007,16
2.011,00
2.014,75

1.817,16
1.820,91
1.824,66
1.828,50
1.832,25
1.836,00
1.839,83
1.843,58
1.847,33
1.851,16
1.854,91
1.858,75
1.862,50
1.866,25
1.870,08
1.873,83
1.877,58
1.881,41
1.885,16
1.888,91
1.892,75
1.896,50
1.900,25
1.904,08
1.907,83
1.911,66
1.915,41
1.919,16
1.923,00
1.926,75
1.930,50
1.934,33
1.938,08
1.941,83
1.945,66
1.949,41
1.953,25
1.957,00
1.960,75
1.964,58
1.968,33
1.972,08
1.975,91
1.979,66
1.983,41
1.987,25
1.991,00
1.994,75
1.998,58
2.002,33
2.006,16
2.009,91
2.013,66
2.017,50
2.021,25
2.025,00
2.028,83
2.032,58
2.036,33
2.040,16
2.043,91
2.047,75
2.051,50
2.055,25
2.059,08

1
b

Mai 2025		
3 (5)

S12b-01(01)-03(6).indd 15

07.04.2025 07:25:35

-

Monatslohnsteuer

12 b Besondere Monatslohnsteuertabelle 2025 (in Auszügen)
Lohn/
Gehalt
bei €
5.891,99
5.900,99
5.909,99
5.918,99
5.927,99
5.936,99
5.945,99
5.954,99
5.963,99
5.972,99
5.981,99
5.990,99
5.999,99
6.008,99
6.017,99
6.026,99
6.035,99
6.044,99
6.053,99
6.062,99
6.071,99
6.080,99
6.089,99
6.098,99
6.107,99
6.116,99
6.125,99
6.134,99
6.143,99
6.152,99
6.161,99
6.170,99
6.179,99
6.188,99
6.197,99
6.206,99
6.215,99
6.224,99
6.233,99
6.242,99
6.251,99
6.260,99
6.269,99
6.278,99
6.287,99
6.296,99
6.305,99
6.314,99
6.323,99
6.332,99
6.341,99
6.350,99
6.359,99
6.368,99
6.377,99
6.386,99
6.395,99
6.404,99
6.413,99
6.422,99
6.431,99
6.440,99
6.449,99
6.458,99
6.467,99

III

V

VI

Lohn/
Gehalt
bei €

872,50
875,16
877,83
880,50
883,16
885,83
888,50
891,16
893,83
896,50
899,33
902,00
904,66
907,33
910,00
912,66
915,33
918,00
920,66
923,33
926,16
928,83
931,50
934,16
936,83
939,66
942,33
945,00
947,66
950,33
953,16
955,83
958,50
961,33
964,00
966,66
969,33
972,16
974,83
977,50
980,33
983,00
985,83
988,50
991,16
994,00
996,66
999,50
1.002,16
1.005,00
1.007,66
1.010,33
1.013,16
1.015,83
1.018,66
1.021,33
1.024,16
1.027,00
1.029,66
1.032,50
1.035,16
1.038,00
1.040,66
1.043,50
1.046,33

2.018,50
2.022,33
2.026,08
2.029,83
2.033,66
2.037,41
2.041,16
2.045,00
2.048,75
2.052,50
2.056,33
2.060,08
2.063,91
2.067,66
2.071,41
2.075,25
2.079,00
2.082,75
2.086,58
2.090,33
2.094,08
2.097,91
2.101,66
2.105,50
2.109,25
2.113,00
2.116,83
2.120,58
2.124,33
2.128,16
2.131,91
2.135,66
2.139,50
2.143,25
2.147,00
2.150,83
2.154,58
2.158,41
2.162,16
2.165,91
2.169,75
2.173,50
2.177,25
2.181,08
2.184,83
2.188,58
2.192,41
2.196,16
2.200,00
2.203,75
2.207,50
2.211,33
2.215,08
2.218,83
2.222,66
2.226,41
2.230,16
2.234,00
2.237,75
2.241,50
2.245,33
2.249,08
2.252,91
2.256,66
2.260,41

2.062,83
2.066,58
2.070,41
2.074,16
2.077,91
2.081,75
2.085,50
2.089,25
2.093,08
2.096,83
2.100,66
2.104,41
2.108,16
2.112,00
2.115,75
2.119,50
2.123,33
2.127,08
2.130,83
2.134,66
2.138,41
2.142,25
2.146,00
2.149,75
2.153,58
2.157,33
2.161,08
2.164,91
2.168,66
2.172,41
2.176,25
2.180,00
2.183,75
2.187,58
2.191,33
2.195,16
2.198,91
2.202,66
2.206,50
2.210,25
2.214,00
2.217,83
2.221,58
2.225,33
2.229,16
2.232,91
2.236,75
2.240,50
2.244,25
2.248,08
2.251,83
2.255,58
2.259,41
2.263,16
2.266,91
2.270,75
2.274,50
2.278,25
2.282,08
2.285,83
2.289,66
2.293,41
2.297,16
2.301,00
2.304,75

6.476,99
6.485,99
6.494,99
6.503,99
6.512,99
6.521,99
6.530,99
6.539,99
6.548,99
6.557,99
6.566,99
6.575,99
6.584,99
6.593,99
6.602,99
6.611,99
6.620,99
6.629,99
6.638,99
6.647,99
6.656,99
6.665,99
6.674,99
6.683,99
6.692,99
6.701,99
6.710,99
6.719,99
6.728,99
6.737,99
6.746,99
6.755,99
6.764,99
6.773,99
6.782,99
6.791,99
6.800,99
6.809,99
6.818,99
6.827,99
6.836,99
6.845,99
6.854,99
6.863,99
6.872,99
6.881,99
6.890,99
6.899,99
6.908,99
6.917,99
6.926,99
6.935,99
6.944,99
6.953,99
6.962,99
6.971,99
6.980,99
6.989,99
6.998,99
7.007,99
7.016,99
7.025,99
7.034,99
7.043,99
7.052,99

Lohnsteuer in Steuerklasse
I/IV

II

1.454,58 1.309,33
1.458,33 1.312,91
1.462,08 1.316,58
1.465,83 1.320,16
1.469,58 1.323,83
1.473,33 1.327,41
1.477,16 1.331,08
1.480,91 1.334,66
1.484,66 1.338,33
1.488,41 1.342,00
1.492,25 1.345,66
1.496,00 1.349,25
1.499,75 1.352,91
1.503,58 1.356,58
1.507,33 1.360,25
1.511,16 1.363,91
1.514,91 1.367,58
1.518,66 1.371,25
1.522,50 1.374,91
1.526,25 1.378,58
1.530,00 1.382,33
1.533,83 1.386,00
1.537,58 1.389,66
1.541,33 1.393,33
1.545,16 1.397,08
1.548,91 1.400,75
1.552,66 1.404,41
1.556,50 1.408,16
1.560,25 1.411,83
1.564,08 1.415,58
1.567,83 1.419,33
1.571,58 1.423,00
1.575,41 1.426,75
1.579,16 1.430,50
1.582,91 1.434,16
1.586,75 1.437,91
1.590,50 1.441,66
1.594,25 1.445,41
1.598,08 1.449,16
1.601,83 1.452,91
1.605,66 1.456,66
1.609,41 1.460,41
1.613,16 1.464,16
1.617,00 1.467,91
1.620,75 1.471,66
1.624,50 1.475,41
1.628,33 1.479,25
1.632,08 1.483,00
1.635,83 1.486,75
1.639,66 1.490,58
1.643,41 1.494,33
1.647,16 1.498,08
1.651,00 1.501,91
1.654,75 1.505,66
1.658,58 1.509,41
1.662,33 1.513,25
1.666,08 1.517,00
1.669,91 1.520,75
1.673,66 1.524,58
1.677,41 1.528,33
1.681,25 1.532,16
1.685,00 1.535,91
1.688,75 1.539,66
1.692,58 1.543,50
1.696,33 1.547,25

3 (6)		

S12b-01(01)-03(6).indd 16

Lohnsteuer in Steuerklasse
I/IV

II

1.700,16 1.551,00
1.703,91 1.554,83
1.707,66 1.558,58
1.711,50 1.562,33
1.715,25 1.566,16
1.719,00 1.569,91
1.722,83 1.573,66
1.726,58 1.577,50
1.730,33 1.581,25
1.734,16 1.585,08
1.737,91 1.588,83
1.741,66 1.592,58
1.745,50 1.596,41
1.749,25 1.600,16
1.753,08 1.603,91
1.756,83 1.607,75
1.760,58 1.611,50
1.764,41 1.615,25
1.768,16 1.619,08
1.771,91 1.622,83
1.775,75 1.626,66
1.779,50 1.630,41
1.783,25 1.634,16
1.787,08 1.638,00
1.790,83 1.641,75
1.794,66 1.645,50
1.798,41 1.649,33
1.802,16 1.653,08
1.806,00 1.656,83
1.809,75 1.660,66
1.813,50 1.664,41
1.817,33 1.668,16
1.821,08 1.672,00
1.824,83 1.675,75
1.828,66 1.679,58
1.832,41 1.683,33
1.836,16 1.687,08
1.840,00 1.690,91
1.843,75 1.694,66
1.847,58 1.698,41
1.851,33 1.702,25
1.855,08 1.706,00
1.858,91 1.709,75
1.862,66 1.713,58
1.866,41 1.717,33
1.870,25 1.721,16
1.874,00 1.724,91
1.877,75 1.728,66
1.881,58 1.732,50
1.885,33 1.736,25
1.889,16 1.740,00
1.892,91 1.743,83
1.896,66 1.747,58
1.900,50 1.751,33
1.904,25 1.755,16
1.908,00 1.758,91
1.911,83 1.762,66
1.915,58 1.766,50
1.919,33 1.770,25
1.923,16 1.774,08
1.926,91 1.777,83
1.930,66 1.781,58
1.934,50 1.785,41
1.938,25 1.789,16
1.942,08 1.792,91

III

V

VI

1.049,00
1.051,83
1.054,50
1.057,33
1.060,16
1.062,83
1.065,66
1.068,50
1.071,33
1.074,00
1.076,83
1.079,66
1.082,33
1.085,16
1.088,00
1.090,83
1.093,50
1.096,33
1.099,16
1.102,00
1.104,83
1.107,66
1.110,33
1.113,16
1.116,00
1.118,83
1.121,66
1.124,50
1.127,33
1.130,16
1.133,00
1.135,66
1.138,50
1.141,33
1.144,16
1.147,00
1.149,83
1.152,66
1.155,50
1.158,33
1.161,16
1.164,00
1.166,83
1.169,66
1.172,66
1.175,50
1.178,33
1.181,16
1.184,00
1.186,83
1.189,66
1.192,50
1.195,50
1.198,33
1.201,16
1.204,00
1.206,83
1.209,66
1.212,66
1.215,50
1.218,33
1.221,16
1.224,16
1.227,00
1.229,83

2.264,25
2.268,00
2.271,75
2.275,58
2.279,33
2.283,08
2.286,91
2.290,66
2.294,50
2.298,25
2.302,00
2.305,83
2.309,58
2.313,33
2.317,16
2.320,91
2.324,66
2.328,50
2.332,25
2.336,00
2.339,83
2.343,58
2.347,41
2.351,16
2.354,91
2.358,75
2.362,50
2.366,25
2.370,08
2.373,83
2.377,58
2.381,41
2.385,16
2.389,00
2.392,75
2.396,50
2.400,33
2.404,08
2.407,83
2.411,66
2.415,41
2.419,16
2.423,00
2.426,75
2.430,50
2.434,33
2.438,08
2.441,91
2.445,66
2.449,41
2.453,25
2.457,00
2.460,75
2.464,58
2.468,33
2.472,08
2.475,91
2.479,66
2.483,50
2.487,25
2.491,00
2.494,83
2.498,58
2.502,33
2.506,16

2.308,50
2.312,33
2.316,08
2.319,83
2.323,66
2.327,41
2.331,25
2.335,00
2.338,75
2.342,58
2.346,33
2.350,08
2.353,91
2.357,66
2.361,41
2.365,25
2.369,00
2.372,75
2.376,58
2.380,33
2.384,16
2.387,91
2.391,66
2.395,50
2.399,25
2.403,00
2.406,83
2.410,58
2.414,33
2.418,16
2.421,91
2.425,75
2.429,50
2.433,25
2.437,08
2.440,83
2.444,58
2.448,41
2.452,16
2.455,91
2.459,75
2.463,50
2.467,25
2.471,08
2.474,83
2.478,66
2.482,41
2.486,16
2.490,00
2.493,75
2.497,50
2.501,33
2.505,08
2.508,83
2.512,66
2.516,41
2.520,25
2.524,00
2.527,75
2.531,58
2.535,33
2.539,08
2.542,91
2.546,66
2.550,41

Mai 2025

07.04.2025 07:25:36

